s: [34]
r: -0.025 info: 1
s: [34, 199]
r: -0.025 info: 1
s: [34, 190, 199]
r: -0.025 info: 1
s: [34, 37, 190, 199]
r: -0.025 info: 1
s: [34, 37, 83, 190, 199]
r: -0.025 info: 1
s: [34, 37, 83, 176, 190, 199]
r: -0.025 info: 1
s: [34, 37, 83, 176, 190, 195, 199]
r: -0.025 info: 1
s: [34, 37, 83, 176, 190, 195, 199]
r: -0.1 info: -1
s: [34, 37, 83, 121, 176, 190, 195, 199]
r: -0.025 info: 1
s: [34, 37, 83, 88, 121, 176, 190, 195, 199]
r: -0.025 info: 1
s: [34, 37, 83, 88, 121, 176, 190, 195, 199]
r: -0.1 info: -1
s: [34, 37, 43, 83, 88, 121, 176, 190, 195, 199]
r: -0.025 info: 1
s: [34, 37, 43, 83, 88, 121, 159, 176, 190, 195, 199]
r: -0.025 info: 1
s: [34, 37, 43, 75, 83, 88, 121, 159, 176, 190, 195, 199]
r: -0.025 info: 1
s: [34, 37, 43, 75, 83, 88, 121, 152, 159, 176, 190, 195, 199]
r: -0.025 info: 1
s: [34, 37, 43, 67, 75, 83, 88, 121, 152, 159, 176, 190, 195, 199]
r: -0.025 info: 1
s: [34, 37, 43, 67, 75, 83, 88, 121, 131, 152, 159, 176, 190, 195, 199]
r: -0.025 info: 1
s: [34, 37, 43, 67, 75, 83, 88, 121, 131, 152, 159, 163, 176, 190, 195, 199]
r: -0.025 info: 1
s: [34, 37, 43, 46, 67, 75, 83, 88, 121, 131, 152, 159, 163, 176, 190, 195, 199]
r: -0.025 info: 1
s: [34, 37, 43, 46, 67, 75, 83, 88, 121, 131, 152, 159, 163, 176, 183, 190, 195, 199]
r: -0.025 info: 1
s: [34, 37, 43, 46, 67, 75, 83, 88, 121, 126, 131, 152, 159, 163, 176, 183, 190, 195, 199]
r: -0.025 info: 1
s: [34, 37, 43, 46, 67, 75, 83, 88, 121, 126, 131, 152, 159, 163, 176, 183, 186, 190, 195, 199]
r: -0.025 info: 1
s: [34, 37, 43, 46, 61, 67, 75, 83, 88, 121, 126, 131, 152, 159, 163, 176, 183, 186, 190, 195, 199]
r: -0.025 info: 1
s: [34, 37, 43, 46, 50, 61, 67, 75, 83, 88, 121, 126, 131, 152, 159, 163, 176, 183, 186, 190, 195, 199]
r: -0.025 info: 1
s: [34, 37, 43, 46, 50, 61, 67, 75, 83, 88, 121, 126, 131, 144, 152, 159, 163, 176, 183, 186, 190, 195, 199]
r: -0.025 info: 1
s: [31, 34, 37, 43, 46, 50, 61, 67, 75, 83, 88, 121, 126, 131, 144, 152, 159, 163, 176, 183, 186, 190, 195, 199]
r: -0.025 info: 1
s: [31, 34, 37, 43, 46, 50, 61, 67, 75, 83, 88, 121, 126, 131, 144, 152, 159, 163, 176, 183, 186, 190, 195, 199]
r: -0.1 info: -1
s: [31, 34, 37, 43, 46, 50, 61, 67, 75, 83, 88, 121, 123, 126, 131, 144, 152, 159, 163, 176, 183, 186, 190, 195, 199]
r: -0.025 info: 1
s: [31, 34, 37, 43, 46, 50, 61, 67, 75, 83, 88, 111, 121, 123, 126, 131, 144, 152, 159, 163, 176, 183, 186, 190, 195, 199]
r: -0.025 info: 1
s: [31, 34, 37, 43, 46, 50, 61, 67, 75, 83, 87, 88, 111, 121, 123, 126, 131, 144, 152, 159, 163, 176, 183, 186, 190, 195, 199]
r: -0.025 info: 1
s: [31, 34, 37, 43, 46, 50, 61, 67, 75, 83, 87, 88, 111, 121, 123, 126, 131, 144, 152, 159, 163, 176, 183, 186, 190, 192, 195, 199]
r: -0.025 info: 1
s: [31, 34, 37, 43, 46, 50, 61, 67, 75, 83, 87, 88, 111, 121, 123, 126, 131, 144, 152, 159, 163, 176, 183, 186, 190, 192, 193, 195, 199]
r: -0.025 info: 1
s: [31, 34, 37, 43, 46, 50, 61, 67, 75, 83, 87, 88, 111, 121, 123, 126, 131, 144, 152, 159, 163, 176, 183, 186, 190, 192, 193, 195, 197, 199]
r: -0.025 info: 1
s: [7, 31, 34, 37, 43, 46, 50, 61, 67, 75, 83, 87, 88, 111, 121, 123, 126, 131, 144, 152, 159, 163, 176, 183, 186, 190, 192, 193, 195, 197, 199]
r: -0.025 info: 1
s: [7, 31, 34, 37, 43, 46, 50, 61, 67, 75, 83, 87, 88, 100, 111, 121, 123, 126, 131, 144, 152, 159, 163, 176, 183, 186, 190, 192, 193, 195, 197, 199]
r: -0.025 info: 1
s: [7, 31, 34, 37, 43, 46, 50, 61, 67, 74, 75, 83, 87, 88, 100, 111, 121, 123, 126, 131, 144, 152, 159, 163, 176, 183, 186, 190, 192, 193, 195, 197, 199]
r: -0.025 info: 1
s: [7, 31, 34, 37, 43, 46, 50, 61, 67, 72, 74, 75, 83, 87, 88, 100, 111, 121, 123, 126, 131, 144, 152, 159, 163, 176, 183, 186, 190, 192, 193, 195, 197, 199]
r: -0.025 info: 1
s: [7, 31, 34, 37, 43, 46, 50, 61, 67, 72, 74, 75, 83, 87, 88, 100, 111, 114, 121, 123, 126, 131, 144, 152, 159, 163, 176, 183, 186, 190, 192, 193, 195, 197, 199]
r: -0.025 info: 1
s: [7, 31, 34, 37, 43, 46, 50, 61, 67, 72, 74, 75, 83, 87, 88, 100, 111, 114, 121, 123, 126, 131, 144, 152, 159, 163, 176, 183, 186, 190, 192, 193, 195, 197, 199]
r: -0.1 info: -1
s: [7, 31, 34, 37, 43, 46, 50, 61, 67, 72, 74, 75, 83, 87, 88, 100, 111, 114, 121, 123, 126, 129, 131, 144, 152, 159, 163, 176, 183, 186, 190, 192, 193, 195, 197, 199]
r: -0.025 info: 1
s: [7, 31, 34, 37, 43, 46, 50, 61, 67, 72, 74, 75, 83, 87, 88, 90, 100, 111, 114, 121, 123, 126, 129, 131, 144, 152, 159, 163, 176, 183, 186, 190, 192, 193, 195, 197, 199]
r: -0.025 info: 1
s: [7, 31, 34, 37, 43, 46, 50, 61, 67, 72, 74, 75, 83, 87, 88, 90, 100, 111, 114, 121, 123, 126, 129, 131, 134, 144, 152, 159, 163, 176, 183, 186, 190, 192, 193, 195, 197, 199]
r: -0.025 info: 1
s: [7, 31, 34, 37, 43, 46, 50, 61, 67, 72, 74, 75, 83, 87, 88, 90, 100, 111, 114, 121, 123, 126, 129, 131, 134, 144, 152, 159, 163, 176, 183, 186, 190, 192, 193, 195, 197, 199]
r: -0.1 info: -1
s: [7, 31, 34, 37, 43, 46, 50, 61, 67, 72, 74, 75, 83, 87, 88, 90, 100, 111, 114, 121, 123, 126, 129, 131, 134, 144, 152, 159, 163, 176, 182, 183, 186, 190, 192, 193, 195, 197, 199]
r: -0.025 info: 1
s: [7, 31, 34, 37, 43, 46, 50, 61, 67, 72, 74, 75, 83, 87, 88, 90, 100, 111, 114, 121, 123, 126, 129, 131, 134, 144, 152, 159, 163, 176, 182, 183, 186, 190, 192, 193, 195, 197, 199]
r: -0.1 info: -1
s: [7, 31, 34, 37, 43, 46, 50, 61, 67, 72, 74, 75, 83, 87, 88, 90, 100, 111, 114, 121, 123, 126, 129, 131, 134, 144, 152, 159, 163, 176, 182, 183, 185, 186, 190, 192, 193, 195, 197, 199]
r: -0.025 info: 1
s: [7, 31, 34, 37, 43, 46, 50, 61, 67, 72, 74, 75, 83, 87, 88, 90, 100, 111, 114, 121, 123, 126, 129, 131, 134, 144, 152, 159, 163, 174, 176, 182, 183, 185, 186, 190, 192, 193, 195, 197, 199]
r: -0.025 info: 1
s: [7, 31, 34, 37, 43, 46, 50, 61, 67, 72, 74, 75, 83, 87, 88, 90, 100, 111, 114, 121, 123, 126, 129, 131, 134, 144, 152, 159, 163, 174, 176, 182, 183, 185, 186, 190, 192, 193, 195, 197, 199]
r: -0.1 info: -1
s: [7, 31, 34, 37, 43, 46, 50, 61, 67, 72, 74, 75, 83, 87, 88, 90, 100, 111, 114, 121, 123, 126, 129, 131, 134, 144, 152, 153, 159, 163, 174, 176, 182, 183, 185, 186, 190, 192, 193, 195, 197, 199]
r: -0.025 info: 1
s: [7, 31, 34, 37, 43, 46, 50, 55, 61, 67, 72, 74, 75, 83, 87, 88, 90, 100, 111, 114, 121, 123, 126, 129, 131, 134, 144, 152, 153, 159, 163, 174, 176, 182, 183, 185, 186, 190, 192, 193, 195, 197, 199]
r: -0.025 info: 1
s: [7, 31, 34, 37, 43, 46, 50, 55, 61, 67, 69, 72, 74, 75, 83, 87, 88, 90, 100, 111, 114, 121, 123, 126, 129, 131, 134, 144, 152, 153, 159, 163, 174, 176, 182, 183, 185, 186, 190, 192, 193, 195, 197, 199]
r: -0.025 info: 1
s: [7, 31, 34, 37, 43, 46, 50, 55, 61, 67, 69, 72, 74, 75, 83, 87, 88, 90, 100, 111, 114, 121, 123, 126, 129, 131, 134, 144, 152, 153, 159, 163, 174, 176, 182, 183, 185, 186, 190, 192, 193, 195, 197, 199]
r: -0.1 info: -1
s: [7, 31, 34, 37, 43, 46, 50, 55, 61, 67, 69, 72, 74, 75, 83, 87, 88, 90, 100, 111, 114, 121, 123, 126, 129, 131, 134, 144, 152, 153, 157, 159, 163, 174, 176, 182, 183, 185, 186, 190, 192, 193, 195, 197, 199]
r: -0.025 info: 1
s: [7, 31, 34, 37, 43, 46, 50, 55, 61, 67, 69, 72, 74, 75, 83, 87, 88, 90, 100, 111, 114, 121, 123, 126, 129, 131, 134, 144, 152, 153, 157, 159, 163, 166, 174, 176, 182, 183, 185, 186, 190, 192, 193, 195, 197, 199]
r: -0.025 info: 1
s: [7, 18, 31, 34, 37, 43, 46, 50, 55, 61, 67, 69, 72, 74, 75, 83, 87, 88, 90, 100, 111, 114, 121, 123, 126, 129, 131, 134, 144, 152, 153, 157, 159, 163, 166, 174, 176, 182, 183, 185, 186, 190, 192, 193, 195, 197, 199]
r: -0.025 info: 1
s: [7, 18, 31, 34, 37, 43, 46, 50, 55, 61, 67, 69, 72, 74, 75, 83, 87, 88, 89, 90, 100, 111, 114, 121, 123, 126, 129, 131, 134, 144, 152, 153, 157, 159, 163, 166, 174, 176, 182, 183, 185, 186, 190, 192, 193, 195, 197, 199]
r: -0.025 info: 1
s: [7, 18, 31, 34, 37, 43, 46, 50, 55, 61, 67, 69, 72, 74, 75, 83, 87, 88, 89, 90, 100, 111, 114, 121, 123, 126, 129, 131, 134, 144, 152, 153, 157, 159, 163, 166, 174, 176, 182, 183, 185, 186, 190, 192, 193, 195, 197, 199]
r: -0.1 info: -1
s: [7, 18, 31, 34, 37, 43, 46, 50, 55, 61, 67, 69, 72, 74, 75, 83, 87, 88, 89, 90, 100, 111, 114, 115, 121, 123, 126, 129, 131, 134, 144, 152, 153, 157, 159, 163, 166, 174, 176, 182, 183, 185, 186, 190, 192, 193, 195, 197, 199]
r: -0.025 info: 1
s: [7, 18, 31, 34, 37, 43, 46, 50, 55, 61, 67, 69, 72, 74, 75, 83, 87, 88, 89, 90, 100, 111, 114, 115, 121, 123, 126, 129, 131, 134, 144, 152, 153, 157, 159, 163, 166, 174, 176, 182, 183, 185, 186, 190, 192, 193, 195, 197, 199]
r: -0.1 info: -1
s: [6, 7, 18, 31, 34, 37, 43, 46, 50, 55, 61, 67, 69, 72, 74, 75, 83, 87, 88, 89, 90, 100, 111, 114, 115, 121, 123, 126, 129, 131, 134, 144, 152, 153, 157, 159, 163, 166, 174, 176, 182, 183, 185, 186, 190, 192, 193, 195, 197, 199]
r: -0.025 info: 1
s: [6, 7, 18, 31, 34, 37, 43, 46, 50, 55, 61, 67, 69, 72, 74, 75, 83, 87, 88, 89, 90, 100, 111, 114, 115, 121, 123, 126, 129, 131, 134, 144, 149, 152, 153, 157, 159, 163, 166, 174, 176, 182, 183, 185, 186, 190, 192, 193, 195, 197, 199]
r: -0.025 info: 1
s: [6, 7, 18, 31, 34, 37, 43, 46, 50, 55, 61, 67, 69, 72, 74, 75, 83, 87, 88, 89, 90, 100, 111, 114, 115, 121, 123, 126, 129, 131, 134, 144, 149, 152, 153, 157, 159, 163, 166, 174, 176, 182, 183, 185, 186, 190, 192, 193, 195, 197, 199]
r: -0.1 info: -1
s: [6, 7, 18, 31, 34, 37, 43, 46, 50, 55, 61, 67, 69, 72, 74, 75, 83, 87, 88, 89, 90, 100, 111, 114, 115, 121, 123, 126, 129, 131, 134, 144, 149, 152, 153, 157, 159, 160, 163, 166, 174, 176, 182, 183, 185, 186, 190, 192, 193, 195, 197, 199]
r: -0.025 info: 1
s: [6, 7, 18, 31, 34, 37, 43, 46, 50, 55, 61, 67, 69, 72, 74, 75, 83, 87, 88, 89, 90, 100, 111, 114, 115, 121, 123, 126, 129, 131, 134, 144, 149, 152, 153, 157, 159, 160, 163, 166, 174, 176, 182, 183, 185, 186, 190, 192, 193, 195, 197, 199]
r: -0.1 info: -1
s: [6, 7, 18, 31, 34, 37, 43, 46, 50, 55, 61, 67, 69, 72, 74, 75, 83, 87, 88, 89, 90, 100, 111, 114, 115, 121, 123, 126, 129, 131, 134, 144, 149, 152, 153, 157, 159, 160, 163, 166, 174, 176, 178, 182, 183, 185, 186, 190, 192, 193, 195, 197, 199]
r: -0.025 info: 1
s: [6, 7, 18, 31, 34, 37, 43, 46, 50, 55, 61, 67, 69, 72, 74, 75, 83, 87, 88, 89, 90, 100, 111, 114, 115, 121, 123, 126, 129, 131, 134, 144, 149, 152, 153, 157, 159, 160, 163, 166, 174, 176, 178, 179, 182, 183, 185, 186, 190, 192, 193, 195, 197, 199]
r: -0.025 info: 1
s: [6, 7, 18, 31, 34, 37, 43, 46, 50, 55, 61, 67, 69, 72, 74, 75, 83, 87, 88, 89, 90, 100, 111, 114, 115, 121, 123, 126, 129, 131, 134, 144, 149, 152, 153, 157, 159, 160, 163, 166, 174, 176, 178, 179, 182, 183, 185, 186, 190, 192, 193, 195, 197, 199]
r: -0.1 info: -1
s: [6, 7, 18, 31, 34, 37, 43, 46, 50, 55, 61, 67, 69, 72, 74, 75, 83, 87, 88, 89, 90, 100, 111, 114, 115, 121, 123, 126, 129, 131, 134, 144, 149, 152, 153, 157, 159, 160, 163, 166, 174, 176, 178, 179, 182, 183, 185, 186, 190, 192, 193, 195, 197, 199]
r: -0.1 info: -1
s: [6, 7, 18, 31, 34, 37, 43, 46, 50, 55, 61, 67, 69, 72, 74, 75, 83, 87, 88, 89, 90, 100, 111, 114, 115, 121, 123, 126, 129, 131, 134, 144, 149, 152, 153, 157, 159, 160, 163, 166, 174, 176, 178, 179, 182, 183, 185, 186, 190, 192, 193, 195, 197, 198, 199]
r: -0.025 info: 1
s: [6, 7, 18, 31, 34, 37, 43, 46, 50, 55, 61, 67, 69, 72, 74, 75, 83, 87, 88, 89, 90, 100, 111, 114, 115, 121, 123, 126, 129, 131, 134, 144, 149, 152, 153, 157, 159, 160, 163, 165, 166, 174, 176, 178, 179, 182, 183, 185, 186, 190, 192, 193, 195, 197, 198, 199]
r: -0.025 info: 1
s: [6, 7, 18, 31, 34, 37, 43, 46, 50, 55, 61, 67, 69, 72, 74, 75, 83, 87, 88, 89, 90, 100, 111, 114, 115, 121, 123, 126, 129, 131, 134, 144, 149, 152, 153, 157, 159, 160, 163, 165, 166, 174, 176, 178, 179, 182, 183, 185, 186, 190, 192, 193, 195, 197, 198, 199]
r: -0.1 info: -1
s: [6, 7, 18, 31, 34, 37, 43, 46, 50, 55, 61, 67, 69, 72, 74, 75, 78, 83, 87, 88, 89, 90, 100, 111, 114, 115, 121, 123, 126, 129, 131, 134, 144, 149, 152, 153, 157, 159, 160, 163, 165, 166, 174, 176, 178, 179, 182, 183, 185, 186, 190, 192, 193, 195, 197, 198, 199]
r: -0.025 info: 1
s: [6, 7, 18, 31, 34, 37, 43, 46, 50, 55, 61, 67, 69, 72, 74, 75, 78, 83, 87, 88, 89, 90, 100, 109, 111, 114, 115, 121, 123, 126, 129, 131, 134, 144, 149, 152, 153, 157, 159, 160, 163, 165, 166, 174, 176, 178, 179, 182, 183, 185, 186, 190, 192, 193, 195, 197, 198, 199]
r: -0.025 info: 1
s: [6, 7, 18, 31, 34, 37, 39, 43, 46, 50, 55, 61, 67, 69, 72, 74, 75, 78, 83, 87, 88, 89, 90, 100, 109, 111, 114, 115, 121, 123, 126, 129, 131, 134, 144, 149, 152, 153, 157, 159, 160, 163, 165, 166, 174, 176, 178, 179, 182, 183, 185, 186, 190, 192, 193, 195, 197, 198, 199]
r: -0.025 info: 1
s: [6, 7, 18, 31, 34, 37, 39, 43, 46, 50, 55, 61, 67, 69, 72, 74, 75, 78, 83, 87, 88, 89, 90, 100, 109, 111, 114, 115, 121, 123, 126, 129, 131, 134, 144, 149, 152, 153, 157, 159, 160, 163, 165, 166, 174, 176, 178, 179, 182, 183, 185, 186, 190, 192, 193, 195, 197, 198, 199]
r: -0.1 info: -1
s: [6, 7, 18, 31, 34, 37, 39, 43, 46, 50, 55, 61, 67, 69, 72, 74, 75, 78, 79, 83, 87, 88, 89, 90, 100, 109, 111, 114, 115, 121, 123, 126, 129, 131, 134, 144, 149, 152, 153, 157, 159, 160, 163, 165, 166, 174, 176, 178, 179, 182, 183, 185, 186, 190, 192, 193, 195, 197, 198, 199]
r: -0.025 info: 1
s: [6, 7, 18, 31, 34, 37, 39, 43, 46, 50, 55, 61, 67, 69, 72, 74, 75, 78, 79, 83, 87, 88, 89, 90, 100, 109, 111, 114, 115, 121, 123, 126, 129, 131, 134, 144, 149, 152, 153, 157, 159, 160, 163, 165, 166, 174, 176, 178, 179, 182, 183, 185, 186, 190, 192, 193, 195, 197, 198, 199]
r: -0.1 info: -1
s: [6, 7, 18, 31, 34, 37, 39, 43, 46, 50, 55, 61, 67, 69, 72, 74, 75, 78, 79, 83, 87, 88, 89, 90, 100, 109, 111, 114, 115, 121, 123, 126, 129, 131, 134, 144, 149, 152, 153, 157, 159, 160, 163, 165, 166, 174, 176, 178, 179, 182, 183, 185, 186, 190, 192, 193, 195, 196, 197, 198, 199]
r: -0.025 info: 1
s: [6, 7, 18, 31, 34, 37, 39, 43, 46, 50, 55, 61, 67, 69, 72, 74, 75, 78, 79, 83, 87, 88, 89, 90, 100, 109, 111, 114, 115, 121, 123, 126, 129, 131, 134, 143, 144, 149, 152, 153, 157, 159, 160, 163, 165, 166, 174, 176, 178, 179, 182, 183, 185, 186, 190, 192, 193, 195, 196, 197, 198, 199]
r: -0.025 info: 1
s: [6, 7, 18, 31, 34, 37, 39, 43, 46, 50, 55, 61, 65, 67, 69, 72, 74, 75, 78, 79, 83, 87, 88, 89, 90, 100, 109, 111, 114, 115, 121, 123, 126, 129, 131, 134, 143, 144, 149, 152, 153, 157, 159, 160, 163, 165, 166, 174, 176, 178, 179, 182, 183, 185, 186, 190, 192, 193, 195, 196, 197, 198, 199]
r: -0.025 info: 1
s: [6, 7, 18, 31, 34, 37, 39, 43, 46, 50, 55, 61, 65, 67, 69, 72, 74, 75, 78, 79, 83, 87, 88, 89, 90, 100, 109, 111, 114, 115, 121, 123, 126, 129, 131, 134, 143, 144, 149, 152, 153, 157, 159, 160, 163, 165, 166, 174, 176, 178, 179, 182, 183, 185, 186, 190, 192, 193, 195, 196, 197, 198, 199]
r: -0.1 info: -1
s: [6, 7, 18, 31, 34, 37, 39, 43, 46, 50, 55, 61, 65, 67, 69, 72, 74, 75, 78, 79, 83, 87, 88, 89, 90, 100, 109, 111, 114, 115, 121, 123, 126, 129, 131, 134, 143, 144, 149, 152, 153, 157, 159, 160, 163, 165, 166, 174, 176, 178, 179, 182, 183, 185, 186, 190, 192, 193, 195, 196, 197, 198, 199]
r: -0.1 info: -1
s: [6, 7, 18, 31, 34, 37, 39, 43, 46, 50, 55, 61, 65, 67, 69, 72, 74, 75, 78, 79, 83, 87, 88, 89, 90, 100, 109, 111, 114, 115, 121, 123, 126, 129, 131, 134, 143, 144, 149, 152, 153, 157, 159, 160, 163, 165, 166, 174, 176, 178, 179, 182, 183, 185, 186, 190, 192, 193, 195, 196, 197, 198, 199]
r: -0.1 info: -1
s: [6, 7, 18, 31, 34, 37, 39, 43, 46, 50, 55, 61, 65, 67, 69, 72, 74, 75, 78, 79, 83, 87, 88, 89, 90, 100, 109, 111, 114, 115, 121, 123, 126, 129, 131, 134, 143, 144, 149, 152, 153, 157, 159, 160, 163, 165, 166, 170, 174, 176, 178, 179, 182, 183, 185, 186, 190, 192, 193, 195, 196, 197, 198, 199]
r: -0.025 info: 1
s: [6, 7, 18, 31, 34, 37, 39, 43, 46, 50, 55, 61, 65, 67, 69, 72, 74, 75, 78, 79, 83, 87, 88, 89, 90, 100, 109, 111, 114, 115, 121, 123, 126, 129, 131, 134, 143, 144, 149, 152, 153, 157, 159, 160, 163, 165, 166, 170, 174, 176, 178, 179, 182, 183, 185, 186, 190, 192, 193, 195, 196, 197, 198, 199]
r: -0.1 info: -1
s: [6, 7, 18, 31, 34, 37, 39, 43, 46, 50, 55, 61, 65, 67, 69, 72, 74, 75, 78, 79, 83, 87, 88, 89, 90, 100, 109, 111, 114, 115, 121, 123, 126, 129, 131, 134, 143, 144, 149, 152, 153, 157, 159, 160, 163, 165, 166, 170, 174, 176, 178, 179, 182, 183, 185, 186, 190, 192, 193, 195, 196, 197, 198, 199]
r: -0.1 info: -1
s: [6, 7, 18, 31, 34, 37, 39, 43, 46, 50, 55, 61, 65, 67, 69, 72, 74, 75, 78, 79, 83, 87, 88, 89, 90, 100, 109, 111, 114, 115, 121, 123, 126, 129, 131, 134, 143, 144, 149, 152, 153, 157, 159, 160, 163, 165, 166, 170, 174, 176, 178, 179, 182, 183, 185, 186, 190, 192, 193, 195, 196, 197, 198, 199]
r: -0.1 info: -1
s: [6, 7, 18, 31, 34, 37, 39, 43, 46, 50, 55, 61, 65, 67, 69, 72, 74, 75, 78, 79, 83, 87, 88, 89, 90, 100, 109, 111, 114, 115, 121, 123, 126, 129, 131, 134, 143, 144, 149, 152, 153, 157, 159, 160, 163, 164, 165, 166, 170, 174, 176, 178, 179, 182, 183, 185, 186, 190, 192, 193, 195, 196, 197, 198, 199]
r: -0.025 info: 1
s: [6, 7, 18, 31, 34, 37, 39, 43, 46, 50, 55, 61, 65, 67, 69, 72, 74, 75, 78, 79, 83, 87, 88, 89, 90, 100, 109, 111, 114, 115, 121, 123, 126, 129, 131, 134, 143, 144, 149, 152, 153, 157, 159, 160, 163, 164, 165, 166, 170, 174, 176, 178, 179, 182, 183, 185, 186, 190, 192, 193, 195, 196, 197, 198, 199]
r: -0.1 info: -1
s: [6, 7, 18, 31, 34, 37, 39, 43, 46, 50, 55, 61, 65, 67, 69, 72, 74, 75, 78, 79, 83, 87, 88, 89, 90, 100, 109, 111, 114, 115, 121, 123, 126, 129, 131, 134, 143, 144, 149, 152, 153, 157, 159, 160, 163, 164, 165, 166, 170, 174, 176, 178, 179, 182, 183, 185, 186, 190, 192, 193, 195, 196, 197, 198, 199]
r: -0.1 info: -1
s: [6, 7, 18, 31, 34, 37, 39, 43, 45, 46, 50, 55, 61, 65, 67, 69, 72, 74, 75, 78, 79, 83, 87, 88, 89, 90, 100, 109, 111, 114, 115, 121, 123, 126, 129, 131, 134, 143, 144, 149, 152, 153, 157, 159, 160, 163, 164, 165, 166, 170, 174, 176, 178, 179, 182, 183, 185, 186, 190, 192, 193, 195, 196, 197, 198, 199]
r: -0.025 info: 1
s: [6, 7, 18, 31, 34, 37, 39, 43, 45, 46, 50, 55, 61, 65, 67, 69, 72, 74, 75, 78, 79, 83, 87, 88, 89, 90, 100, 109, 111, 114, 115, 121, 123, 126, 129, 131, 134, 143, 144, 149, 152, 153, 157, 159, 160, 163, 164, 165, 166, 170, 174, 176, 178, 179, 182, 183, 185, 186, 190, 192, 193, 195, 196, 197, 198, 199]
r: -0.1 info: -1
s: [6, 7, 18, 31, 34, 37, 39, 43, 45, 46, 50, 55, 61, 65, 67, 69, 72, 74, 75, 78, 79, 83, 87, 88, 89, 90, 100, 109, 111, 114, 115, 121, 123, 126, 129, 131, 134, 143, 144, 149, 152, 153, 156, 157, 159, 160, 163, 164, 165, 166, 170, 174, 176, 178, 179, 182, 183, 185, 186, 190, 192, 193, 195, 196, 197, 198, 199]
r: -0.025 info: 1
s: [6, 7, 18, 31, 34, 37, 39, 43, 45, 46, 50, 55, 61, 65, 67, 69, 72, 74, 75, 78, 79, 83, 87, 88, 89, 90, 100, 109, 111, 114, 115, 121, 123, 126, 129, 131, 134, 143, 144, 145, 149, 152, 153, 156, 157, 159, 160, 163, 164, 165, 166, 170, 174, 176, 178, 179, 182, 183, 185, 186, 190, 192, 193, 195, 196, 197, 198, 199]
r: -0.025 info: 1
s: [6, 7, 18, 31, 34, 37, 39, 43, 45, 46, 50, 55, 61, 65, 67, 69, 72, 74, 75, 78, 79, 83, 87, 88, 89, 90, 100, 109, 111, 114, 115, 121, 123, 126, 129, 131, 134, 143, 144, 145, 149, 152, 153, 156, 157, 158, 159, 160, 163, 164, 165, 166, 170, 174, 176, 178, 179, 182, 183, 185, 186, 190, 192, 193, 195, 196, 197, 198, 199]
r: -0.025 info: 1
s: [6, 7, 18, 31, 34, 37, 39, 43, 45, 46, 50, 55, 61, 65, 67, 69, 72, 74, 75, 76, 78, 79, 83, 87, 88, 89, 90, 100, 109, 111, 114, 115, 121, 123, 126, 129, 131, 134, 143, 144, 145, 149, 152, 153, 156, 157, 158, 159, 160, 163, 164, 165, 166, 170, 174, 176, 178, 179, 182, 183, 185, 186, 190, 192, 193, 195, 196, 197, 198, 199]
r: -0.025 info: 1
s: [6, 7, 18, 31, 34, 37, 39, 43, 45, 46, 50, 55, 61, 65, 67, 69, 72, 74, 75, 76, 78, 79, 83, 87, 88, 89, 90, 100, 109, 111, 114, 115, 121, 123, 126, 129, 131, 134, 143, 144, 145, 149, 152, 153, 156, 157, 158, 159, 160, 163, 164, 165, 166, 170, 174, 176, 178, 179, 182, 183, 185, 186, 190, 192, 193, 195, 196, 197, 198, 199]
r: -0.1 info: -1
s: [6, 7, 18, 31, 34, 37, 39, 43, 45, 46, 50, 55, 61, 65, 67, 69, 72, 74, 75, 76, 78, 79, 83, 87, 88, 89, 90, 100, 109, 111, 114, 115, 121, 123, 126, 129, 131, 134, 143, 144, 145, 149, 152, 153, 156, 157, 158, 159, 160, 163, 164, 165, 166, 170, 174, 176, 178, 179, 182, 183, 185, 186, 190, 192, 193, 195, 196, 197, 198, 199]
r: -0.1 info: -1
s: [6, 7, 18, 31, 34, 37, 39, 43, 45, 46, 50, 55, 61, 65, 67, 69, 72, 74, 75, 76, 78, 79, 83, 87, 88, 89, 90, 100, 109, 111, 114, 115, 121, 123, 126, 129, 131, 134, 143, 144, 145, 149, 152, 153, 156, 157, 158, 159, 160, 163, 164, 165, 166, 170, 174, 176, 178, 179, 182, 183, 185, 186, 188, 190, 192, 193, 195, 196, 197, 198, 199]
r: -0.025 info: 1
s: [6, 7, 18, 31, 34, 37, 39, 43, 45, 46, 50, 55, 61, 65, 67, 69, 72, 74, 75, 76, 78, 79, 83, 87, 88, 89, 90, 100, 109, 111, 114, 115, 121, 123, 126, 129, 131, 134, 143, 144, 145, 149, 152, 153, 156, 157, 158, 159, 160, 163, 164, 165, 166, 170, 174, 176, 178, 179, 182, 183, 185, 186, 188, 190, 192, 193, 195, 196, 197, 198, 199]
r: -0.1 info: -1
s: [6, 7, 18, 31, 34, 37, 39, 43, 45, 46, 50, 55, 61, 65, 67, 69, 72, 74, 75, 76, 78, 79, 83, 87, 88, 89, 90, 100, 109, 111, 114, 115, 121, 123, 126, 129, 131, 134, 143, 144, 145, 149, 152, 153, 156, 157, 158, 159, 160, 163, 164, 165, 166, 170, 174, 176, 178, 179, 182, 183, 185, 186, 188, 190, 192, 193, 195, 196, 197, 198, 199]
r: -0.1 info: -1
s: [6, 7, 18, 31, 34, 37, 39, 43, 45, 46, 50, 55, 61, 65, 67, 69, 72, 74, 75, 76, 78, 79, 83, 87, 88, 89, 90, 100, 109, 111, 114, 115, 121, 123, 126, 129, 131, 134, 143, 144, 145, 149, 152, 153, 156, 157, 158, 159, 160, 163, 164, 165, 166, 170, 174, 176, 178, 179, 182, 183, 185, 186, 188, 190, 192, 193, 195, 196, 197, 198, 199]
r: -0.1 info: -1
s: [6, 7, 18, 31, 34, 37, 39, 43, 45, 46, 50, 55, 61, 65, 67, 69, 72, 74, 75, 76, 78, 79, 83, 87, 88, 89, 90, 100, 109, 111, 114, 115, 121, 123, 126, 129, 131, 134, 143, 144, 145, 149, 152, 153, 156, 157, 158, 159, 160, 163, 164, 165, 166, 170, 174, 176, 178, 179, 182, 183, 185, 186, 188, 189, 190, 192, 193, 195, 196, 197, 198, 199]
r: -0.025 info: 1
s: [6, 7, 18, 31, 34, 37, 39, 43, 45, 46, 50, 55, 61, 65, 67, 69, 72, 74, 75, 76, 78, 79, 83, 87, 88, 89, 90, 100, 109, 111, 114, 115, 121, 123, 126, 129, 131, 134, 143, 144, 145, 149, 152, 153, 156, 157, 158, 159, 160, 163, 164, 165, 166, 170, 173, 174, 176, 178, 179, 182, 183, 185, 186, 188, 189, 190, 192, 193, 195, 196, 197, 198, 199]
r: -0.025 info: 1
s: [6, 7, 18, 31, 34, 37, 39, 43, 45, 46, 50, 55, 61, 65, 67, 69, 72, 74, 75, 76, 78, 79, 83, 87, 88, 89, 90, 100, 109, 111, 114, 115, 121, 123, 126, 129, 131, 134, 143, 144, 145, 149, 152, 153, 156, 157, 158, 159, 160, 163, 164, 165, 166, 170, 173, 174, 176, 178, 179, 182, 183, 185, 186, 188, 189, 190, 192, 193, 195, 196, 197, 198, 199]
r: -0.9285408770665526 info: 0.016893007792532444
