s: [189]
r: -0.1 info: 1
s: [86, 189]
r: -0.1 info: 1
s: [86, 189, 198]
r: -0.1 info: 1
s: [86, 119, 189, 198]
r: -0.1 info: 1
s: [86, 119, 134, 189, 198]
r: -0.1 info: 1
s: [86, 119, 134, 189, 198, 199]
r: -0.1 info: 1
s: [86, 119, 134, 175, 189, 198, 199]
r: -0.1 info: 1
s: [86, 119, 134, 175, 189, 196, 198, 199]
r: -0.1 info: 1
s: [15, 86, 119, 134, 175, 189, 196, 198, 199]
r: -0.1 info: 1
s: [15, 86, 119, 134, 175, 189, 196, 198, 199]
r: -0.1 info: -1
s: [15, 81, 86, 119, 134, 175, 189, 196, 198, 199]
r: -0.1 info: 1
s: [11, 15, 81, 86, 119, 134, 175, 189, 196, 198, 199]
r: -0.1 info: 1
s: [11, 15, 81, 86, 119, 134, 161, 175, 189, 196, 198, 199]
r: -0.1 info: 1
s: [11, 15, 81, 86, 113, 119, 134, 161, 175, 189, 196, 198, 199]
r: -0.1 info: 1
s: [11, 15, 81, 86, 113, 119, 134, 150, 161, 175, 189, 196, 198, 199]
r: -0.1 info: 1
s: [11, 15, 81, 86, 113, 119, 134, 150, 161, 175, 186, 189, 196, 198, 199]
r: -0.1 info: 1
s: [11, 15, 63, 81, 86, 113, 119, 134, 150, 161, 175, 186, 189, 196, 198, 199]
r: -0.1 info: 1
s: [11, 15, 63, 81, 86, 113, 119, 134, 150, 161, 175, 186, 189, 192, 196, 198, 199]
r: -0.1 info: 1
s: [11, 15, 63, 81, 86, 113, 119, 134, 150, 161, 175, 186, 189, 192, 196, 198, 199]
r: -0.1 info: -1
s: [11, 15, 63, 81, 86, 113, 119, 134, 150, 161, 175, 186, 189, 192, 196, 198, 199]
r: -0.1 info: -1
s: [11, 15, 63, 81, 86, 113, 119, 134, 150, 161, 172, 175, 186, 189, 192, 196, 198, 199]
r: -0.1 info: 1
s: [11, 15, 63, 79, 81, 86, 113, 119, 134, 150, 161, 172, 175, 186, 189, 192, 196, 198, 199]
r: -0.1 info: 1
s: [11, 15, 63, 79, 81, 86, 113, 119, 134, 150, 153, 161, 172, 175, 186, 189, 192, 196, 198, 199]
r: -0.1 info: 1
s: [11, 15, 63, 79, 81, 86, 113, 119, 134, 150, 153, 155, 161, 172, 175, 186, 189, 192, 196, 198, 199]
r: -0.1 info: 1
s: [11, 15, 63, 79, 81, 86, 113, 119, 134, 150, 153, 155, 161, 172, 175, 186, 189, 192, 196, 198, 199]
r: -0.1 info: -1
s: [11, 15, 63, 79, 81, 86, 113, 119, 120, 134, 150, 153, 155, 161, 172, 175, 186, 189, 192, 196, 198, 199]
r: -0.1 info: 1
s: [11, 15, 63, 79, 81, 86, 113, 119, 120, 134, 150, 153, 155, 161, 172, 175, 186, 189, 192, 196, 198, 199]
r: -0.1 info: -1
s: [11, 15, 63, 79, 81, 86, 113, 119, 120, 134, 150, 153, 155, 157, 161, 172, 175, 186, 189, 192, 196, 198, 199]
r: -0.1 info: 1
s: [11, 15, 63, 79, 81, 86, 113, 119, 120, 134, 145, 150, 153, 155, 157, 161, 172, 175, 186, 189, 192, 196, 198, 199]
r: -0.1 info: 1
s: [11, 15, 63, 79, 81, 86, 112, 113, 119, 120, 134, 145, 150, 153, 155, 157, 161, 172, 175, 186, 189, 192, 196, 198, 199]
r: -0.1 info: 1
s: [11, 15, 63, 79, 81, 86, 112, 113, 119, 120, 134, 145, 150, 153, 155, 157, 161, 172, 175, 181, 186, 189, 192, 196, 198, 199]
r: -0.1 info: 1
s: [11, 15, 63, 79, 81, 86, 112, 113, 119, 120, 134, 145, 150, 153, 155, 157, 161, 172, 175, 181, 186, 189, 192, 196, 198, 199]
r: -0.1 info: -1
s: [11, 15, 63, 79, 81, 86, 112, 113, 119, 120, 134, 145, 150, 153, 155, 157, 161, 172, 175, 178, 181, 186, 189, 192, 196, 198, 199]
r: -0.1 info: 1
s: [11, 15, 63, 79, 81, 86, 112, 113, 119, 120, 134, 145, 150, 153, 155, 157, 161, 172, 175, 178, 181, 186, 189, 192, 196, 198, 199]
r: -0.1 info: -1
s: [11, 15, 63, 79, 81, 86, 112, 113, 119, 120, 132, 134, 145, 150, 153, 155, 157, 161, 172, 175, 178, 181, 186, 189, 192, 196, 198, 199]
r: -0.1 info: 1
s: [11, 15, 63, 79, 80, 81, 86, 112, 113, 119, 120, 132, 134, 145, 150, 153, 155, 157, 161, 172, 175, 178, 181, 186, 189, 192, 196, 198, 199]
r: -0.1 info: 1
s: [11, 15, 63, 79, 80, 81, 86, 112, 113, 119, 120, 132, 134, 145, 150, 153, 155, 157, 161, 172, 175, 178, 181, 186, 189, 192, 196, 198, 199]
r: -0.1 info: -1
s: [11, 15, 63, 79, 80, 81, 86, 112, 113, 119, 120, 132, 134, 145, 150, 153, 155, 157, 161, 171, 172, 175, 178, 181, 186, 189, 192, 196, 198, 199]
r: -0.1 info: 1
s: [11, 15, 63, 79, 80, 81, 86, 112, 113, 119, 120, 132, 134, 145, 150, 153, 155, 157, 161, 171, 172, 175, 178, 181, 186, 189, 192, 195, 196, 198, 199]
r: -0.1 info: 1
s: [11, 15, 63, 79, 80, 81, 86, 112, 113, 119, 120, 132, 134, 145, 150, 153, 155, 157, 161, 171, 172, 175, 178, 181, 186, 189, 191, 192, 195, 196, 198, 199]
r: -0.1 info: 1
s: [11, 15, 20, 63, 79, 80, 81, 86, 112, 113, 119, 120, 132, 134, 145, 150, 153, 155, 157, 161, 171, 172, 175, 178, 181, 186, 189, 191, 192, 195, 196, 198, 199]
r: -0.1 info: 1
s: [11, 15, 20, 63, 79, 80, 81, 86, 112, 113, 119, 120, 132, 134, 145, 150, 153, 155, 157, 160, 161, 171, 172, 175, 178, 181, 186, 189, 191, 192, 195, 196, 198, 199]
r: -0.1 info: 1
s: [11, 15, 20, 63, 79, 80, 81, 86, 112, 113, 119, 120, 132, 134, 145, 150, 153, 155, 157, 160, 161, 171, 172, 175, 178, 181, 185, 186, 189, 191, 192, 195, 196, 198, 199]
r: -0.1 info: 1
s: [11, 15, 20, 63, 79, 80, 81, 86, 112, 113, 119, 120, 132, 134, 145, 150, 153, 155, 157, 160, 161, 171, 172, 175, 178, 181, 185, 186, 189, 191, 192, 195, 196, 198, 199]
r: -0.1 info: -1
s: [11, 15, 20, 63, 79, 80, 81, 86, 112, 113, 119, 120, 132, 134, 145, 150, 153, 155, 157, 160, 161, 170, 171, 172, 175, 178, 181, 185, 186, 189, 191, 192, 195, 196, 198, 199]
r: -0.1 info: 1
s: [11, 15, 20, 63, 79, 80, 81, 86, 112, 113, 119, 120, 132, 134, 142, 145, 150, 153, 155, 157, 160, 161, 170, 171, 172, 175, 178, 181, 185, 186, 189, 191, 192, 195, 196, 198, 199]
r: -0.1 info: 1
s: [11, 15, 20, 63, 79, 80, 81, 86, 112, 113, 119, 120, 132, 134, 142, 145, 150, 153, 155, 157, 160, 161, 164, 170, 171, 172, 175, 178, 181, 185, 186, 189, 191, 192, 195, 196, 198, 199]
r: -0.1 info: 1
s: [11, 15, 20, 63, 79, 80, 81, 86, 112, 113, 119, 120, 132, 134, 142, 145, 150, 153, 155, 157, 160, 161, 164, 170, 171, 172, 175, 178, 181, 185, 186, 189, 191, 192, 195, 196, 198, 199]
r: -0.1 info: -1
s: [11, 15, 20, 63, 79, 80, 81, 86, 112, 113, 119, 120, 132, 134, 142, 145, 150, 153, 155, 157, 160, 161, 164, 170, 171, 172, 175, 178, 181, 185, 186, 189, 191, 192, 195, 196, 198, 199]
r: -0.1 info: -1
s: [11, 15, 20, 63, 79, 80, 81, 86, 112, 113, 119, 120, 132, 134, 141, 142, 145, 150, 153, 155, 157, 160, 161, 164, 170, 171, 172, 175, 178, 181, 185, 186, 189, 191, 192, 195, 196, 198, 199]
r: -0.1 info: 1
s: [11, 15, 20, 63, 79, 80, 81, 86, 112, 113, 116, 119, 120, 132, 134, 141, 142, 145, 150, 153, 155, 157, 160, 161, 164, 170, 171, 172, 175, 178, 181, 185, 186, 189, 191, 192, 195, 196, 198, 199]
r: -0.1 info: 1
s: [11, 15, 20, 63, 79, 80, 81, 86, 112, 113, 116, 119, 120, 132, 134, 141, 142, 145, 150, 153, 155, 157, 160, 161, 164, 170, 171, 172, 175, 178, 181, 185, 186, 189, 191, 192, 195, 196, 198, 199]
r: -0.1 info: -1
s: [11, 15, 20, 63, 79, 80, 81, 86, 112, 113, 116, 117, 119, 120, 132, 134, 141, 142, 145, 150, 153, 155, 157, 160, 161, 164, 170, 171, 172, 175, 178, 181, 185, 186, 189, 191, 192, 195, 196, 198, 199]
r: -0.1 info: 1
s: [11, 15, 20, 63, 79, 80, 81, 86, 112, 113, 116, 117, 119, 120, 132, 134, 141, 142, 145, 150, 153, 155, 157, 160, 161, 164, 170, 171, 172, 175, 177, 178, 181, 185, 186, 189, 191, 192, 195, 196, 198, 199]
r: -0.1 info: 1
s: [11, 15, 20, 63, 79, 80, 81, 86, 112, 113, 116, 117, 119, 120, 132, 134, 141, 142, 145, 150, 153, 155, 157, 160, 161, 164, 170, 171, 172, 175, 177, 178, 181, 185, 186, 189, 191, 192, 195, 196, 198, 199]
r: -0.1 info: -1
s: [11, 15, 20, 63, 79, 80, 81, 86, 112, 113, 116, 117, 119, 120, 132, 134, 141, 142, 145, 150, 153, 155, 157, 160, 161, 164, 170, 171, 172, 175, 177, 178, 181, 185, 186, 189, 191, 192, 195, 196, 198, 199]
r: -1.8326517310924828 info: 0.02587652113288641
