s: [104]
r: 0.0 info: 1
s: [104, 148]
r: 0.0 info: 1
s: [91, 104, 148]
r: 0.0 info: 1
s: [91, 104, 146, 148]
r: 0.0 info: 1
s: [91, 104, 146, 148, 181]
r: 0.0 info: 1
s: [91, 104, 146, 148, 181, 183]
r: 0.0 info: 1
s: [91, 104, 146, 148, 181, 183]
r: -0.1 info: -1
s: [91, 104, 146, 148, 181, 183, 189]
r: 0.0 info: 1
s: [5, 91, 104, 146, 148, 181, 183, 189]
r: 0.0 info: 1
s: [5, 91, 104, 144, 146, 148, 181, 183, 189]
r: 0.0 info: 1
s: [5, 91, 104, 144, 146, 148, 181, 183, 189]
r: -0.1 info: -1
s: [5, 89, 91, 104, 144, 146, 148, 181, 183, 189]
r: 0.0 info: 1
s: [5, 11, 89, 91, 104, 144, 146, 148, 181, 183, 189]
r: 0.0 info: 1
s: [5, 11, 89, 91, 104, 144, 146, 148, 152, 181, 183, 189]
r: 0.0 info: 1
s: [5, 11, 54, 89, 91, 104, 144, 146, 148, 152, 181, 183, 189]
r: 0.0 info: 1
s: [5, 11, 35, 54, 89, 91, 104, 144, 146, 148, 152, 181, 183, 189]
r: 0.0 info: 1
s: [5, 11, 35, 54, 89, 91, 104, 125, 144, 146, 148, 152, 181, 183, 189]
r: 0.0 info: 1
s: [5, 11, 35, 54, 89, 91, 104, 125, 144, 146, 148, 152, 181, 183, 189, 194]
r: 0.0 info: 1
s: [5, 11, 35, 54, 89, 91, 99, 104, 125, 144, 146, 148, 152, 181, 183, 189, 194]
r: 0.0 info: 1
s: [5, 11, 35, 54, 89, 91, 99, 104, 111, 125, 144, 146, 148, 152, 181, 183, 189, 194]
r: 0.0 info: 1
s: [5, 11, 35, 54, 89, 91, 99, 104, 108, 111, 125, 144, 146, 148, 152, 181, 183, 189, 194]
r: 0.0 info: 1
s: [5, 11, 35, 54, 89, 91, 99, 104, 108, 111, 125, 144, 146, 148, 152, 166, 181, 183, 189, 194]
r: 0.0 info: 1
s: [0, 5, 11, 35, 54, 89, 91, 99, 104, 108, 111, 125, 144, 146, 148, 152, 166, 181, 183, 189, 194]
r: 0.0 info: 1
s: [0, 5, 11, 35, 54, 89, 91, 99, 104, 108, 111, 125, 127, 144, 146, 148, 152, 166, 181, 183, 189, 194]
r: 0.0 info: 1
s: [0, 5, 11, 35, 54, 89, 91, 99, 104, 108, 111, 125, 127, 144, 146, 148, 152, 166, 181, 183, 184, 189, 194]
r: 0.0 info: 1
s: [0, 5, 11, 35, 54, 89, 91, 99, 104, 108, 111, 124, 125, 127, 144, 146, 148, 152, 166, 181, 183, 184, 189, 194]
r: 0.0 info: 1
s: [0, 5, 11, 35, 54, 89, 91, 99, 104, 108, 111, 124, 125, 127, 133, 144, 146, 148, 152, 166, 181, 183, 184, 189, 194]
r: 0.0 info: 1
s: [0, 5, 11, 35, 54, 89, 91, 99, 104, 108, 111, 124, 125, 127, 133, 144, 146, 148, 152, 166, 181, 183, 184, 185, 189, 194]
r: 0.0 info: 1
s: [0, 5, 11, 35, 54, 89, 91, 99, 104, 108, 111, 124, 125, 127, 133, 144, 146, 148, 152, 166, 181, 183, 184, 185, 189, 194]
r: -0.1 info: -1
s: [0, 5, 11, 35, 54, 89, 91, 99, 104, 108, 111, 124, 125, 127, 133, 144, 146, 148, 152, 166, 181, 183, 184, 185, 189, 194]
r: -0.1 info: -1
s: [0, 5, 11, 27, 35, 54, 89, 91, 99, 104, 108, 111, 124, 125, 127, 133, 144, 146, 148, 152, 166, 181, 183, 184, 185, 189, 194]
r: 0.0 info: 1
s: [0, 5, 11, 27, 35, 54, 72, 89, 91, 99, 104, 108, 111, 124, 125, 127, 133, 144, 146, 148, 152, 166, 181, 183, 184, 185, 189, 194]
r: 0.0 info: 1
s: [0, 5, 11, 27, 35, 54, 72, 88, 89, 91, 99, 104, 108, 111, 124, 125, 127, 133, 144, 146, 148, 152, 166, 181, 183, 184, 185, 189, 194]
r: 0.0 info: 1
s: [0, 5, 11, 27, 35, 54, 72, 88, 89, 91, 99, 104, 108, 111, 124, 125, 127, 133, 144, 146, 148, 152, 166, 171, 181, 183, 184, 185, 189, 194]
r: 0.0 info: 1
s: [0, 5, 11, 27, 35, 54, 72, 88, 89, 91, 99, 104, 108, 111, 124, 125, 127, 133, 144, 146, 148, 152, 163, 166, 171, 181, 183, 184, 185, 189, 194]
r: 0.0 info: 1
s: [0, 5, 11, 27, 35, 54, 72, 88, 89, 91, 99, 104, 108, 111, 124, 125, 127, 133, 144, 146, 148, 152, 163, 166, 171, 178, 181, 183, 184, 185, 189, 194]
r: 0.0 info: 1
s: [0, 5, 11, 19, 27, 35, 54, 72, 88, 89, 91, 99, 104, 108, 111, 124, 125, 127, 133, 144, 146, 148, 152, 163, 166, 171, 178, 181, 183, 184, 185, 189, 194]
r: 0.0 info: 1
s: [0, 5, 11, 19, 27, 35, 54, 72, 88, 89, 91, 99, 104, 107, 108, 111, 124, 125, 127, 133, 144, 146, 148, 152, 163, 166, 171, 178, 181, 183, 184, 185, 189, 194]
r: 0.0 info: 1
s: [0, 5, 11, 19, 27, 35, 54, 72, 88, 89, 91, 99, 104, 107, 108, 111, 123, 124, 125, 127, 133, 144, 146, 148, 152, 163, 166, 171, 178, 181, 183, 184, 185, 189, 194]
r: 0.0 info: 1
s: [0, 5, 11, 19, 27, 35, 53, 54, 72, 88, 89, 91, 99, 104, 107, 108, 111, 123, 124, 125, 127, 133, 144, 146, 148, 152, 163, 166, 171, 178, 181, 183, 184, 185, 189, 194]
r: 0.0 info: 1
s: [0, 5, 11, 19, 27, 35, 53, 54, 72, 88, 89, 91, 99, 104, 107, 108, 111, 123, 124, 125, 127, 133, 144, 146, 148, 152, 163, 166, 171, 173, 178, 181, 183, 184, 185, 189, 194]
r: 0.0 info: 1
s: [0, 5, 11, 19, 27, 35, 53, 54, 72, 88, 89, 91, 99, 104, 107, 108, 111, 123, 124, 125, 127, 133, 143, 144, 146, 148, 152, 163, 166, 171, 173, 178, 181, 183, 184, 185, 189, 194]
r: 0.0 info: 1
s: [0, 5, 11, 19, 27, 35, 53, 54, 72, 88, 89, 91, 99, 104, 107, 108, 111, 123, 124, 125, 127, 133, 143, 144, 146, 148, 152, 163, 166, 171, 173, 178, 181, 183, 184, 185, 189, 194]
r: -0.1 info: -1
s: [0, 5, 11, 19, 27, 35, 53, 54, 72, 88, 89, 91, 99, 104, 107, 108, 111, 123, 124, 125, 127, 133, 143, 144, 146, 148, 152, 163, 166, 171, 173, 178, 181, 183, 184, 185, 189, 194]
r: -0.1 info: -1
s: [0, 5, 11, 19, 27, 35, 53, 54, 72, 86, 88, 89, 91, 99, 104, 107, 108, 111, 123, 124, 125, 127, 133, 143, 144, 146, 148, 152, 163, 166, 171, 173, 178, 181, 183, 184, 185, 189, 194]
r: 0.0 info: 1
s: [0, 5, 11, 19, 27, 35, 53, 54, 71, 72, 86, 88, 89, 91, 99, 104, 107, 108, 111, 123, 124, 125, 127, 133, 143, 144, 146, 148, 152, 163, 166, 171, 173, 178, 181, 183, 184, 185, 189, 194]
r: 0.0 info: 1
s: [0, 5, 11, 19, 27, 35, 46, 53, 54, 71, 72, 86, 88, 89, 91, 99, 104, 107, 108, 111, 123, 124, 125, 127, 133, 143, 144, 146, 148, 152, 163, 166, 171, 173, 178, 181, 183, 184, 185, 189, 194]
r: 0.0 info: 1
s: [0, 5, 11, 19, 27, 35, 46, 53, 54, 71, 72, 86, 88, 89, 91, 99, 104, 107, 108, 111, 123, 124, 125, 127, 133, 143, 144, 146, 148, 152, 163, 166, 171, 173, 178, 181, 183, 184, 185, 189, 194]
r: -0.1 info: -1
s: [0, 5, 11, 19, 27, 35, 46, 53, 54, 71, 72, 86, 88, 89, 91, 99, 104, 107, 108, 111, 123, 124, 125, 127, 133, 143, 144, 146, 148, 149, 152, 163, 166, 171, 173, 178, 181, 183, 184, 185, 189, 194]
r: 0.0 info: 1
s: [0, 5, 11, 19, 27, 35, 46, 53, 54, 71, 72, 86, 88, 89, 91, 99, 104, 107, 108, 111, 123, 124, 125, 127, 133, 143, 144, 146, 148, 149, 152, 163, 166, 171, 173, 178, 181, 183, 184, 185, 189, 194]
r: -0.1 info: -1
s: [0, 5, 11, 19, 27, 35, 40, 46, 53, 54, 71, 72, 86, 88, 89, 91, 99, 104, 107, 108, 111, 123, 124, 125, 127, 133, 143, 144, 146, 148, 149, 152, 163, 166, 171, 173, 178, 181, 183, 184, 185, 189, 194]
r: 0.0 info: 1
s: [0, 5, 11, 19, 27, 35, 40, 46, 53, 54, 71, 72, 86, 88, 89, 91, 99, 104, 107, 108, 111, 123, 124, 125, 127, 133, 143, 144, 146, 148, 149, 152, 162, 163, 166, 171, 173, 178, 181, 183, 184, 185, 189, 194]
r: 0.0 info: 1
s: [0, 5, 11, 19, 27, 35, 36, 40, 46, 53, 54, 71, 72, 86, 88, 89, 91, 99, 104, 107, 108, 111, 123, 124, 125, 127, 133, 143, 144, 146, 148, 149, 152, 162, 163, 166, 171, 173, 178, 181, 183, 184, 185, 189, 194]
r: 0.0 info: 1
s: [0, 5, 11, 19, 27, 35, 36, 40, 46, 53, 54, 71, 72, 86, 88, 89, 91, 99, 104, 107, 108, 111, 123, 124, 125, 127, 133, 143, 144, 146, 148, 149, 152, 162, 163, 166, 171, 173, 178, 181, 183, 184, 185, 189, 194]
r: -0.1 info: -1
s: [0, 5, 11, 19, 27, 35, 36, 40, 46, 53, 54, 71, 72, 86, 88, 89, 91, 99, 104, 107, 108, 111, 123, 124, 125, 127, 133, 135, 143, 144, 146, 148, 149, 152, 162, 163, 166, 171, 173, 178, 181, 183, 184, 185, 189, 194]
r: 0.0 info: 1
s: [0, 5, 11, 19, 27, 35, 36, 40, 46, 53, 54, 71, 72, 86, 88, 89, 91, 99, 104, 107, 108, 111, 123, 124, 125, 127, 133, 135, 143, 144, 146, 148, 149, 152, 162, 163, 166, 171, 173, 178, 181, 183, 184, 185, 189, 194]
r: -0.1 info: -1
s: [0, 5, 11, 19, 27, 35, 36, 40, 46, 53, 54, 71, 72, 86, 88, 89, 91, 99, 104, 107, 108, 111, 123, 124, 125, 127, 133, 135, 143, 144, 146, 148, 149, 152, 162, 163, 166, 171, 173, 178, 181, 183, 184, 185, 189, 194]
r: -0.1 info: -1
s: [0, 5, 11, 19, 27, 35, 36, 40, 46, 53, 54, 71, 72, 75, 86, 88, 89, 91, 99, 104, 107, 108, 111, 123, 124, 125, 127, 133, 135, 143, 144, 146, 148, 149, 152, 162, 163, 166, 171, 173, 178, 181, 183, 184, 185, 189, 194]
r: 0.0 info: 1
s: [0, 5, 11, 19, 27, 35, 36, 40, 46, 48, 53, 54, 71, 72, 75, 86, 88, 89, 91, 99, 104, 107, 108, 111, 123, 124, 125, 127, 133, 135, 143, 144, 146, 148, 149, 152, 162, 163, 166, 171, 173, 178, 181, 183, 184, 185, 189, 194]
r: 0.0 info: 1
s: [0, 5, 11, 19, 27, 35, 36, 40, 46, 48, 53, 54, 71, 72, 75, 86, 88, 89, 91, 99, 104, 107, 108, 111, 123, 124, 125, 127, 133, 135, 142, 143, 144, 146, 148, 149, 152, 162, 163, 166, 171, 173, 178, 181, 183, 184, 185, 189, 194]
r: 0.0 info: 1
s: [0, 5, 11, 19, 22, 27, 35, 36, 40, 46, 48, 53, 54, 71, 72, 75, 86, 88, 89, 91, 99, 104, 107, 108, 111, 123, 124, 125, 127, 133, 135, 142, 143, 144, 146, 148, 149, 152, 162, 163, 166, 171, 173, 178, 181, 183, 184, 185, 189, 194]
r: 0.0 info: 1
s: [0, 5, 11, 19, 22, 27, 35, 36, 40, 46, 48, 53, 54, 71, 72, 75, 86, 88, 89, 91, 99, 104, 107, 108, 111, 123, 124, 125, 127, 133, 135, 136, 142, 143, 144, 146, 148, 149, 152, 162, 163, 166, 171, 173, 178, 181, 183, 184, 185, 189, 194]
r: 0.0 info: 1
s: [0, 5, 11, 19, 22, 27, 35, 36, 40, 46, 48, 52, 53, 54, 71, 72, 75, 86, 88, 89, 91, 99, 104, 107, 108, 111, 123, 124, 125, 127, 133, 135, 136, 142, 143, 144, 146, 148, 149, 152, 162, 163, 166, 171, 173, 178, 181, 183, 184, 185, 189, 194]
r: 0.0 info: 1
s: [0, 5, 11, 19, 22, 27, 35, 36, 40, 46, 48, 52, 53, 54, 71, 72, 75, 86, 88, 89, 91, 99, 104, 107, 108, 111, 118, 123, 124, 125, 127, 133, 135, 136, 142, 143, 144, 146, 148, 149, 152, 162, 163, 166, 171, 173, 178, 181, 183, 184, 185, 189, 194]
r: 0.0 info: 1
s: [0, 5, 11, 19, 22, 27, 35, 36, 40, 46, 48, 52, 53, 54, 71, 72, 75, 86, 88, 89, 91, 99, 104, 107, 108, 111, 118, 123, 124, 125, 127, 133, 135, 136, 142, 143, 144, 146, 148, 149, 152, 162, 163, 166, 171, 173, 178, 181, 183, 184, 185, 189, 194]
r: -0.1 info: -1
s: [0, 5, 11, 19, 22, 27, 33, 35, 36, 40, 46, 48, 52, 53, 54, 71, 72, 75, 86, 88, 89, 91, 99, 104, 107, 108, 111, 118, 123, 124, 125, 127, 133, 135, 136, 142, 143, 144, 146, 148, 149, 152, 162, 163, 166, 171, 173, 178, 181, 183, 184, 185, 189, 194]
r: 0.0 info: 1
s: [0, 5, 11, 19, 22, 27, 33, 35, 36, 40, 46, 48, 52, 53, 54, 71, 72, 75, 86, 88, 89, 91, 99, 104, 107, 108, 111, 118, 123, 124, 125, 127, 133, 135, 136, 142, 143, 144, 146, 148, 149, 152, 162, 163, 166, 171, 173, 178, 181, 183, 184, 185, 189, 194]
r: -0.1 info: -1
s: [0, 5, 11, 19, 22, 27, 33, 35, 36, 40, 46, 48, 52, 53, 54, 71, 72, 75, 86, 88, 89, 91, 99, 104, 107, 108, 111, 118, 123, 124, 125, 127, 133, 135, 136, 142, 143, 144, 146, 148, 149, 152, 162, 163, 166, 171, 173, 178, 181, 183, 184, 185, 189, 194]
r: -0.1 info: -1
s: [0, 5, 11, 19, 22, 27, 33, 35, 36, 40, 46, 48, 52, 53, 54, 71, 72, 75, 86, 88, 89, 91, 99, 104, 107, 108, 111, 118, 123, 124, 125, 127, 133, 135, 136, 142, 143, 144, 146, 148, 149, 152, 162, 163, 166, 171, 173, 178, 181, 183, 184, 185, 189, 194]
r: -0.1 info: -1
s: [0, 5, 11, 19, 22, 27, 33, 35, 36, 40, 46, 48, 52, 53, 54, 71, 72, 75, 80, 86, 88, 89, 91, 99, 104, 107, 108, 111, 118, 123, 124, 125, 127, 133, 135, 136, 142, 143, 144, 146, 148, 149, 152, 162, 163, 166, 171, 173, 178, 181, 183, 184, 185, 189, 194]
r: 0.0 info: 1
s: [0, 5, 11, 19, 22, 27, 33, 35, 36, 40, 46, 48, 52, 53, 54, 71, 72, 75, 79, 80, 86, 88, 89, 91, 99, 104, 107, 108, 111, 118, 123, 124, 125, 127, 133, 135, 136, 142, 143, 144, 146, 148, 149, 152, 162, 163, 166, 171, 173, 178, 181, 183, 184, 185, 189, 194]
r: 0.0 info: 1
s: [0, 5, 11, 19, 22, 27, 33, 35, 36, 40, 46, 48, 52, 53, 54, 71, 72, 75, 79, 80, 86, 88, 89, 91, 99, 102, 104, 107, 108, 111, 118, 123, 124, 125, 127, 133, 135, 136, 142, 143, 144, 146, 148, 149, 152, 162, 163, 166, 171, 173, 178, 181, 183, 184, 185, 189, 194]
r: 0.0 info: 1
s: [0, 5, 11, 19, 22, 27, 33, 35, 36, 40, 46, 48, 52, 53, 54, 71, 72, 75, 79, 80, 86, 88, 89, 91, 99, 102, 104, 107, 108, 109, 111, 118, 123, 124, 125, 127, 133, 135, 136, 142, 143, 144, 146, 148, 149, 152, 162, 163, 166, 171, 173, 178, 181, 183, 184, 185, 189, 194]
r: 0.0 info: 1
s: [0, 5, 11, 19, 22, 27, 33, 35, 36, 40, 46, 48, 52, 53, 54, 71, 72, 75, 79, 80, 86, 88, 89, 91, 99, 102, 104, 107, 108, 109, 111, 118, 123, 124, 125, 127, 133, 135, 136, 142, 143, 144, 146, 148, 149, 152, 162, 163, 166, 171, 173, 178, 181, 183, 184, 185, 189, 194]
r: -0.1 info: -1
s: [0, 5, 11, 19, 22, 27, 33, 35, 36, 40, 46, 48, 52, 53, 54, 71, 72, 75, 79, 80, 86, 88, 89, 91, 99, 102, 104, 107, 108, 109, 111, 118, 123, 124, 125, 127, 133, 135, 136, 142, 143, 144, 146, 148, 149, 152, 162, 163, 166, 171, 173, 178, 181, 183, 184, 185, 189, 194]
r: -0.1 info: -1
s: [0, 5, 11, 19, 22, 27, 33, 35, 36, 40, 46, 48, 52, 53, 54, 71, 72, 75, 79, 80, 86, 88, 89, 91, 99, 102, 104, 107, 108, 109, 111, 118, 123, 124, 125, 127, 133, 135, 136, 142, 143, 144, 146, 148, 149, 152, 162, 163, 166, 171, 173, 178, 181, 183, 184, 185, 189, 194]
r: -0.1 info: -1
s: [0, 5, 11, 19, 22, 27, 33, 35, 36, 40, 46, 48, 52, 53, 54, 71, 72, 75, 79, 80, 86, 88, 89, 91, 99, 102, 104, 107, 108, 109, 111, 118, 123, 124, 125, 127, 133, 135, 136, 142, 143, 144, 146, 148, 149, 152, 162, 163, 166, 171, 173, 178, 181, 183, 184, 185, 189, 194]
r: -0.1 info: -1
s: [0, 5, 11, 19, 22, 27, 33, 35, 36, 40, 46, 48, 52, 53, 54, 71, 72, 75, 79, 80, 86, 88, 89, 91, 99, 102, 104, 107, 108, 109, 111, 118, 123, 124, 125, 127, 133, 135, 136, 142, 143, 144, 146, 148, 149, 152, 162, 163, 166, 171, 173, 178, 181, 183, 184, 185, 189, 194]
r: -0.1 info: -1
s: [0, 5, 11, 19, 22, 27, 33, 35, 36, 40, 46, 48, 52, 53, 54, 71, 72, 75, 79, 80, 86, 88, 89, 91, 97, 99, 102, 104, 107, 108, 109, 111, 118, 123, 124, 125, 127, 133, 135, 136, 142, 143, 144, 146, 148, 149, 152, 162, 163, 166, 171, 173, 178, 181, 183, 184, 185, 189, 194]
r: 0.0 info: 1
s: [0, 5, 11, 19, 22, 27, 33, 35, 36, 40, 46, 48, 52, 53, 54, 71, 72, 75, 79, 80, 86, 88, 89, 91, 97, 99, 102, 104, 107, 108, 109, 111, 118, 123, 124, 125, 127, 133, 135, 136, 142, 143, 144, 146, 148, 149, 152, 162, 163, 166, 171, 173, 178, 181, 183, 184, 185, 189, 194]
r: -0.1 info: -1
s: [0, 5, 11, 19, 22, 27, 33, 35, 36, 40, 46, 48, 52, 53, 54, 71, 72, 75, 79, 80, 86, 88, 89, 91, 97, 99, 102, 104, 107, 108, 109, 111, 113, 118, 123, 124, 125, 127, 133, 135, 136, 142, 143, 144, 146, 148, 149, 152, 162, 163, 166, 171, 173, 178, 181, 183, 184, 185, 189, 194]
r: 0.0 info: 1
s: [0, 5, 11, 19, 22, 27, 33, 35, 36, 40, 46, 48, 52, 53, 54, 71, 72, 75, 79, 80, 86, 88, 89, 91, 97, 99, 102, 104, 107, 108, 109, 111, 113, 118, 123, 124, 125, 127, 133, 135, 136, 142, 143, 144, 146, 148, 149, 152, 162, 163, 166, 171, 173, 178, 181, 183, 184, 185, 189, 194]
r: -0.1 info: -1
s: [0, 5, 11, 19, 22, 27, 33, 35, 36, 40, 46, 48, 52, 53, 54, 71, 72, 75, 79, 80, 86, 88, 89, 91, 97, 99, 102, 104, 107, 108, 109, 111, 113, 118, 123, 124, 125, 127, 133, 135, 136, 142, 143, 144, 146, 148, 149, 152, 162, 163, 166, 171, 173, 178, 181, 183, 184, 185, 189, 194]
r: -0.1 info: -1
s: [0, 5, 11, 19, 22, 27, 33, 35, 36, 40, 46, 48, 52, 53, 54, 71, 72, 75, 79, 80, 86, 88, 89, 91, 97, 99, 102, 104, 107, 108, 109, 111, 113, 118, 123, 124, 125, 127, 133, 135, 136, 142, 143, 144, 146, 148, 149, 152, 162, 163, 166, 171, 173, 178, 181, 183, 184, 185, 189, 194]
r: -0.1 info: -1
s: [0, 5, 11, 19, 22, 27, 33, 35, 36, 40, 46, 48, 52, 53, 54, 71, 72, 75, 79, 80, 86, 88, 89, 91, 97, 99, 102, 104, 107, 108, 109, 111, 113, 118, 123, 124, 125, 127, 133, 135, 136, 142, 143, 144, 146, 148, 149, 152, 162, 163, 166, 171, 173, 178, 181, 183, 184, 185, 189, 194]
r: -0.1 info: -1
s: [0, 5, 11, 19, 22, 27, 33, 35, 36, 40, 46, 48, 52, 53, 54, 71, 72, 75, 79, 80, 86, 88, 89, 91, 97, 99, 102, 104, 107, 108, 109, 111, 113, 118, 123, 124, 125, 127, 133, 135, 136, 142, 143, 144, 146, 148, 149, 152, 162, 163, 166, 171, 173, 178, 181, 183, 184, 185, 189, 194]
r: -0.1 info: -1
s: [0, 5, 11, 19, 22, 27, 33, 35, 36, 40, 46, 48, 52, 53, 54, 71, 72, 75, 79, 80, 86, 88, 89, 91, 97, 99, 102, 104, 107, 108, 109, 111, 113, 118, 123, 124, 125, 127, 133, 135, 136, 142, 143, 144, 146, 148, 149, 152, 162, 163, 166, 171, 173, 178, 181, 183, 184, 185, 189, 194]
r: -0.1 info: -1
s: [0, 5, 11, 19, 22, 27, 33, 35, 36, 40, 46, 48, 52, 53, 54, 71, 72, 75, 79, 80, 86, 88, 89, 91, 97, 99, 102, 104, 107, 108, 109, 111, 113, 118, 123, 124, 125, 127, 133, 135, 136, 137, 142, 143, 144, 146, 148, 149, 152, 162, 163, 166, 171, 173, 178, 181, 183, 184, 185, 189, 194]
r: 0.0 info: 1
s: [0, 5, 11, 19, 22, 27, 33, 35, 36, 40, 46, 48, 52, 53, 54, 71, 72, 75, 79, 80, 86, 88, 89, 91, 97, 99, 102, 104, 107, 108, 109, 111, 113, 118, 123, 124, 125, 127, 133, 135, 136, 137, 142, 143, 144, 146, 148, 149, 152, 162, 163, 166, 171, 173, 178, 181, 183, 184, 185, 189, 194]
r: -0.1 info: -1
s: [0, 5, 11, 19, 22, 27, 33, 35, 36, 40, 46, 48, 52, 53, 54, 71, 72, 75, 79, 80, 86, 88, 89, 91, 97, 99, 102, 104, 107, 108, 109, 111, 113, 118, 120, 123, 124, 125, 127, 133, 135, 136, 137, 142, 143, 144, 146, 148, 149, 152, 162, 163, 166, 171, 173, 178, 181, 183, 184, 185, 189, 194]
r: 0.0 info: 1
s: [0, 5, 11, 18, 19, 22, 27, 33, 35, 36, 40, 46, 48, 52, 53, 54, 71, 72, 75, 79, 80, 86, 88, 89, 91, 97, 99, 102, 104, 107, 108, 109, 111, 113, 118, 120, 123, 124, 125, 127, 133, 135, 136, 137, 142, 143, 144, 146, 148, 149, 152, 162, 163, 166, 171, 173, 178, 181, 183, 184, 185, 189, 194]
r: 0.0 info: 1
s: [0, 5, 11, 18, 19, 22, 27, 33, 35, 36, 40, 46, 48, 52, 53, 54, 71, 72, 75, 79, 80, 86, 88, 89, 91, 97, 99, 102, 104, 107, 108, 109, 111, 113, 118, 120, 123, 124, 125, 127, 133, 135, 136, 137, 142, 143, 144, 146, 148, 149, 152, 162, 163, 166, 171, 173, 178, 181, 183, 184, 185, 189, 194]
r: -0.1 info: -1
s: [0, 5, 11, 18, 19, 22, 27, 33, 35, 36, 40, 46, 48, 52, 53, 54, 71, 72, 75, 79, 80, 86, 88, 89, 91, 97, 99, 102, 104, 107, 108, 109, 111, 113, 118, 120, 123, 124, 125, 127, 133, 135, 136, 137, 142, 143, 144, 146, 148, 149, 152, 162, 163, 166, 171, 173, 178, 181, 183, 184, 185, 189, 190, 194]
r: 0.0 info: 1
s: [0, 5, 11, 18, 19, 22, 27, 33, 35, 36, 40, 46, 48, 52, 53, 54, 71, 72, 75, 79, 80, 86, 88, 89, 91, 97, 99, 102, 104, 107, 108, 109, 111, 113, 118, 120, 123, 124, 125, 127, 133, 135, 136, 137, 142, 143, 144, 146, 148, 149, 152, 162, 163, 166, 171, 173, 178, 181, 183, 184, 185, 189, 190, 194]
r: -0.1 info: -1
s: [0, 5, 11, 18, 19, 22, 27, 33, 35, 36, 40, 46, 48, 52, 53, 54, 71, 72, 75, 79, 80, 86, 88, 89, 91, 97, 99, 102, 104, 107, 108, 109, 111, 113, 118, 120, 123, 124, 125, 127, 133, 135, 136, 137, 140, 142, 143, 144, 146, 148, 149, 152, 162, 163, 166, 171, 173, 178, 181, 183, 184, 185, 189, 190, 194]
r: 0.0 info: 1
s: [0, 5, 11, 18, 19, 22, 27, 33, 35, 36, 40, 46, 48, 52, 53, 54, 71, 72, 75, 79, 80, 86, 88, 89, 91, 97, 99, 102, 104, 107, 108, 109, 111, 113, 118, 120, 123, 124, 125, 127, 133, 135, 136, 137, 140, 142, 143, 144, 146, 148, 149, 152, 162, 163, 166, 171, 173, 178, 181, 183, 184, 185, 189, 190, 194]
r: -0.1 info: -1
s: [0, 5, 11, 18, 19, 22, 27, 33, 35, 36, 40, 46, 48, 52, 53, 54, 71, 72, 75, 79, 80, 86, 88, 89, 91, 97, 99, 102, 104, 107, 108, 109, 111, 113, 118, 120, 123, 124, 125, 127, 133, 135, 136, 137, 140, 142, 143, 144, 146, 148, 149, 152, 156, 162, 163, 166, 171, 173, 178, 181, 183, 184, 185, 189, 190, 194]
r: 0.0 info: 1
s: [0, 5, 11, 18, 19, 22, 27, 33, 35, 36, 40, 46, 48, 52, 53, 54, 71, 72, 75, 79, 80, 86, 88, 89, 91, 97, 99, 102, 104, 107, 108, 109, 111, 113, 118, 120, 122, 123, 124, 125, 127, 133, 135, 136, 137, 140, 142, 143, 144, 146, 148, 149, 152, 156, 162, 163, 166, 171, 173, 178, 181, 183, 184, 185, 189, 190, 194]
r: 0.0 info: 1
s: [0, 5, 11, 18, 19, 22, 27, 33, 35, 36, 40, 46, 48, 52, 53, 54, 66, 71, 72, 75, 79, 80, 86, 88, 89, 91, 97, 99, 102, 104, 107, 108, 109, 111, 113, 118, 120, 122, 123, 124, 125, 127, 133, 135, 136, 137, 140, 142, 143, 144, 146, 148, 149, 152, 156, 162, 163, 166, 171, 173, 178, 181, 183, 184, 185, 189, 190, 194]
r: 0.0 info: 1
s: [0, 5, 11, 18, 19, 22, 27, 32, 33, 35, 36, 40, 46, 48, 52, 53, 54, 66, 71, 72, 75, 79, 80, 86, 88, 89, 91, 97, 99, 102, 104, 107, 108, 109, 111, 113, 118, 120, 122, 123, 124, 125, 127, 133, 135, 136, 137, 140, 142, 143, 144, 146, 148, 149, 152, 156, 162, 163, 166, 171, 173, 178, 181, 183, 184, 185, 189, 190, 194]
r: 0.0 info: 1
s: [0, 5, 11, 18, 19, 22, 27, 32, 33, 35, 36, 40, 46, 48, 52, 53, 54, 66, 71, 72, 75, 79, 80, 86, 88, 89, 91, 97, 99, 102, 104, 107, 108, 109, 111, 113, 118, 120, 122, 123, 124, 125, 127, 133, 135, 136, 137, 140, 142, 143, 144, 146, 148, 149, 152, 156, 162, 163, 166, 171, 173, 178, 181, 183, 184, 185, 189, 190, 194]
r: -0.1 info: -1
s: [0, 5, 11, 18, 19, 22, 27, 32, 33, 35, 36, 40, 46, 48, 52, 53, 54, 66, 68, 71, 72, 75, 79, 80, 86, 88, 89, 91, 97, 99, 102, 104, 107, 108, 109, 111, 113, 118, 120, 122, 123, 124, 125, 127, 133, 135, 136, 137, 140, 142, 143, 144, 146, 148, 149, 152, 156, 162, 163, 166, 171, 173, 178, 181, 183, 184, 185, 189, 190, 194]
r: 0.0 info: 1
s: [0, 5, 11, 18, 19, 22, 27, 32, 33, 35, 36, 40, 46, 48, 52, 53, 54, 66, 68, 71, 72, 75, 79, 80, 86, 88, 89, 91, 97, 99, 102, 104, 107, 108, 109, 111, 113, 118, 120, 122, 123, 124, 125, 127, 133, 135, 136, 137, 140, 142, 143, 144, 146, 148, 149, 152, 156, 162, 163, 166, 171, 173, 178, 181, 183, 184, 185, 189, 190, 194]
r: -0.1 info: -1
s: [0, 5, 11, 18, 19, 22, 27, 32, 33, 35, 36, 40, 46, 48, 52, 53, 54, 66, 68, 71, 72, 75, 79, 80, 86, 88, 89, 91, 97, 99, 102, 104, 107, 108, 109, 111, 113, 118, 120, 122, 123, 124, 125, 127, 133, 135, 136, 137, 140, 142, 143, 144, 146, 148, 149, 152, 156, 162, 163, 166, 171, 173, 178, 181, 183, 184, 185, 189, 190, 194]
r: -0.1 info: -1
s: [0, 5, 11, 18, 19, 22, 27, 32, 33, 35, 36, 40, 46, 48, 52, 53, 54, 66, 68, 71, 72, 75, 79, 80, 86, 88, 89, 91, 97, 99, 102, 104, 107, 108, 109, 111, 113, 117, 118, 120, 122, 123, 124, 125, 127, 133, 135, 136, 137, 140, 142, 143, 144, 146, 148, 149, 152, 156, 162, 163, 166, 171, 173, 178, 181, 183, 184, 185, 189, 190, 194]
r: 0.0 info: 1
s: [0, 5, 11, 18, 19, 22, 27, 32, 33, 35, 36, 40, 46, 48, 52, 53, 54, 66, 68, 71, 72, 75, 79, 80, 86, 88, 89, 91, 97, 99, 102, 104, 107, 108, 109, 111, 113, 117, 118, 120, 122, 123, 124, 125, 127, 133, 135, 136, 137, 140, 142, 143, 144, 146, 148, 149, 152, 156, 162, 163, 166, 171, 173, 178, 181, 183, 184, 185, 189, 190, 194, 199]
r: 0.0 info: 1
s: [0, 5, 11, 18, 19, 22, 27, 32, 33, 35, 36, 40, 46, 48, 52, 53, 54, 66, 68, 71, 72, 75, 79, 80, 86, 88, 89, 91, 97, 99, 102, 104, 107, 108, 109, 111, 113, 117, 118, 120, 122, 123, 124, 125, 127, 133, 135, 136, 137, 140, 142, 143, 144, 146, 148, 149, 152, 156, 162, 163, 164, 166, 171, 173, 178, 181, 183, 184, 185, 189, 190, 194, 199]
r: 0.0 info: 1
s: [0, 5, 11, 18, 19, 22, 27, 32, 33, 35, 36, 40, 46, 48, 52, 53, 54, 66, 68, 71, 72, 75, 79, 80, 86, 88, 89, 91, 97, 99, 102, 104, 107, 108, 109, 111, 113, 117, 118, 120, 122, 123, 124, 125, 127, 133, 135, 136, 137, 140, 142, 143, 144, 146, 148, 149, 152, 156, 162, 163, 164, 166, 171, 173, 178, 181, 182, 183, 184, 185, 189, 190, 194, 199]
r: 0.0 info: 1
s: [0, 5, 11, 18, 19, 22, 27, 32, 33, 35, 36, 40, 46, 48, 52, 53, 54, 66, 68, 71, 72, 75, 79, 80, 86, 88, 89, 91, 97, 99, 102, 104, 107, 108, 109, 111, 113, 117, 118, 120, 122, 123, 124, 125, 127, 133, 135, 136, 137, 140, 142, 143, 144, 146, 148, 149, 152, 156, 162, 163, 164, 166, 171, 173, 178, 181, 182, 183, 184, 185, 189, 190, 194, 199]
r: -0.1 info: -1
s: [0, 5, 11, 18, 19, 22, 27, 32, 33, 35, 36, 40, 46, 48, 52, 53, 54, 66, 68, 71, 72, 75, 79, 80, 86, 88, 89, 91, 97, 99, 102, 104, 107, 108, 109, 111, 113, 117, 118, 120, 122, 123, 124, 125, 127, 133, 135, 136, 137, 140, 142, 143, 144, 146, 148, 149, 152, 156, 162, 163, 164, 166, 171, 173, 178, 181, 182, 183, 184, 185, 189, 190, 194, 198, 199]
r: 0.0 info: 1
s: [0, 5, 11, 18, 19, 22, 27, 32, 33, 35, 36, 40, 46, 48, 52, 53, 54, 66, 68, 71, 72, 75, 79, 80, 86, 88, 89, 91, 97, 99, 102, 104, 107, 108, 109, 111, 113, 117, 118, 120, 122, 123, 124, 125, 127, 133, 135, 136, 137, 140, 142, 143, 144, 146, 148, 149, 152, 156, 162, 163, 164, 166, 171, 173, 178, 181, 182, 183, 184, 185, 189, 190, 194, 198, 199]
r: -1.089683233294636 info: 0.018617052119225264
score: OA: 0.9774501300954033 AA0.9435250054857369 kappa:0.9742891160882607

