s: [47]
r: 0.0 info: 1
s: [47, 172]
r: 0.0 info: 1
s: [47, 120, 172]
r: 0.0 info: 1
s: [47, 120, 172, 187]
r: 0.0 info: 1
s: [47, 120, 161, 172, 187]
r: 0.0 info: 1
s: [47, 120, 127, 161, 172, 187]
r: 0.0 info: 1
s: [47, 69, 120, 127, 161, 172, 187]
r: 0.0 info: 1
s: [47, 69, 120, 127, 161, 164, 172, 187]
r: 0.0 info: 1
s: [47, 69, 120, 127, 161, 164, 172, 187]
r: -0.1 info: -1
s: [47, 69, 120, 127, 159, 161, 164, 172, 187]
r: 0.0 info: 1
s: [47, 69, 120, 127, 157, 159, 161, 164, 172, 187]
r: 0.0 info: 1
s: [47, 69, 120, 127, 157, 159, 161, 164, 172, 176, 187]
r: 0.0 info: 1
s: [47, 69, 120, 127, 157, 159, 161, 162, 164, 172, 176, 187]
r: 0.0 info: 1
s: [47, 69, 120, 127, 157, 159, 161, 162, 164, 172, 176, 187, 191]
r: 0.0 info: 1
s: [47, 69, 111, 120, 127, 157, 159, 161, 162, 164, 172, 176, 187, 191]
r: 0.0 info: 1
s: [47, 69, 79, 111, 120, 127, 157, 159, 161, 162, 164, 172, 176, 187, 191]
r: 0.0 info: 1
s: [47, 69, 79, 111, 120, 127, 157, 159, 161, 162, 164, 172, 176, 181, 187, 191]
r: 0.0 info: 1
s: [47, 69, 79, 111, 120, 127, 157, 159, 161, 162, 164, 172, 176, 181, 187, 191]
r: -0.1 info: -1
s: [47, 69, 79, 111, 120, 127, 134, 157, 159, 161, 162, 164, 172, 176, 181, 187, 191]
r: 0.0 info: 1
s: [47, 69, 79, 111, 120, 127, 134, 157, 159, 161, 162, 164, 172, 176, 181, 187, 191, 194]
r: 0.0 info: 1
s: [47, 69, 79, 111, 120, 127, 134, 141, 157, 159, 161, 162, 164, 172, 176, 181, 187, 191, 194]
r: 0.0 info: 1
s: [47, 69, 79, 111, 120, 127, 134, 141, 157, 159, 161, 162, 164, 172, 176, 181, 187, 191, 194]
r: -0.1 info: -1
s: [47, 69, 79, 111, 120, 127, 134, 141, 157, 159, 161, 162, 164, 172, 175, 176, 181, 187, 191, 194]
r: 0.0 info: 1
s: [47, 69, 79, 111, 120, 127, 134, 141, 157, 159, 161, 162, 164, 172, 175, 176, 181, 184, 187, 191, 194]
r: 0.0 info: 1
s: [47, 69, 79, 111, 120, 127, 130, 134, 141, 157, 159, 161, 162, 164, 172, 175, 176, 181, 184, 187, 191, 194]
r: 0.0 info: 1
s: [47, 69, 79, 111, 120, 127, 130, 134, 139, 141, 157, 159, 161, 162, 164, 172, 175, 176, 181, 184, 187, 191, 194]
r: 0.0 info: 1
s: [47, 69, 79, 101, 111, 120, 127, 130, 134, 139, 141, 157, 159, 161, 162, 164, 172, 175, 176, 181, 184, 187, 191, 194]
r: 0.0 info: 1
s: [47, 69, 79, 101, 102, 111, 120, 127, 130, 134, 139, 141, 157, 159, 161, 162, 164, 172, 175, 176, 181, 184, 187, 191, 194]
r: 0.0 info: 1
s: [47, 69, 79, 101, 102, 111, 120, 127, 130, 134, 139, 141, 157, 159, 161, 162, 164, 172, 175, 176, 181, 184, 187, 191, 194]
r: -0.1 info: -1
s: [47, 69, 79, 94, 101, 102, 111, 120, 127, 130, 134, 139, 141, 157, 159, 161, 162, 164, 172, 175, 176, 181, 184, 187, 191, 194]
r: 0.0 info: 1
s: [0, 47, 69, 79, 94, 101, 102, 111, 120, 127, 130, 134, 139, 141, 157, 159, 161, 162, 164, 172, 175, 176, 181, 184, 187, 191, 194]
r: 0.0 info: 1
s: [0, 47, 69, 79, 94, 101, 102, 111, 120, 127, 130, 134, 139, 141, 157, 159, 161, 162, 164, 172, 175, 176, 181, 184, 187, 191, 194]
r: -0.1 info: -1
s: [0, 6, 47, 69, 79, 94, 101, 102, 111, 120, 127, 130, 134, 139, 141, 157, 159, 161, 162, 164, 172, 175, 176, 181, 184, 187, 191, 194]
r: 0.0 info: 1
s: [0, 6, 47, 69, 79, 94, 101, 102, 111, 120, 127, 130, 134, 139, 141, 157, 159, 161, 162, 164, 172, 175, 176, 181, 184, 187, 191, 194, 198]
r: 0.0 info: 1
s: [0, 6, 47, 69, 79, 94, 101, 102, 108, 111, 120, 127, 130, 134, 139, 141, 157, 159, 161, 162, 164, 172, 175, 176, 181, 184, 187, 191, 194, 198]
r: 0.0 info: 1
s: [0, 6, 47, 69, 79, 94, 101, 102, 108, 111, 120, 127, 130, 134, 137, 139, 141, 157, 159, 161, 162, 164, 172, 175, 176, 181, 184, 187, 191, 194, 198]
r: 0.0 info: 1
s: [0, 6, 47, 69, 79, 94, 101, 102, 108, 111, 120, 127, 130, 134, 137, 139, 141, 157, 159, 161, 162, 164, 169, 172, 175, 176, 181, 184, 187, 191, 194, 198]
r: 0.0 info: 1
s: [0, 6, 47, 69, 79, 94, 101, 102, 108, 111, 120, 127, 130, 134, 137, 139, 141, 157, 159, 161, 162, 164, 169, 172, 175, 176, 181, 184, 187, 191, 194, 198]
r: -0.1 info: -1
s: [0, 6, 47, 69, 79, 94, 101, 102, 108, 111, 120, 127, 130, 134, 137, 139, 141, 157, 159, 161, 162, 164, 169, 172, 175, 176, 181, 184, 187, 191, 194, 198]
r: -0.1 info: -1
s: [0, 6, 47, 69, 79, 94, 101, 102, 108, 111, 120, 127, 130, 134, 137, 139, 141, 157, 159, 161, 162, 164, 169, 172, 175, 176, 181, 183, 184, 187, 191, 194, 198]
r: 0.0 info: 1
s: [0, 6, 47, 69, 79, 94, 101, 102, 108, 111, 116, 120, 127, 130, 134, 137, 139, 141, 157, 159, 161, 162, 164, 169, 172, 175, 176, 181, 183, 184, 187, 191, 194, 198]
r: 0.0 info: 1
s: [0, 6, 47, 69, 79, 92, 94, 101, 102, 108, 111, 116, 120, 127, 130, 134, 137, 139, 141, 157, 159, 161, 162, 164, 169, 172, 175, 176, 181, 183, 184, 187, 191, 194, 198]
r: 0.0 info: 1
s: [0, 6, 47, 69, 79, 92, 94, 101, 102, 108, 111, 116, 120, 127, 130, 134, 137, 139, 141, 157, 159, 161, 162, 164, 169, 172, 175, 176, 181, 183, 184, 187, 191, 194, 198]
r: -0.1 info: -1
s: [0, 6, 47, 69, 79, 89, 92, 94, 101, 102, 108, 111, 116, 120, 127, 130, 134, 137, 139, 141, 157, 159, 161, 162, 164, 169, 172, 175, 176, 181, 183, 184, 187, 191, 194, 198]
r: 0.0 info: 1
s: [0, 6, 47, 69, 79, 89, 92, 94, 101, 102, 108, 111, 116, 120, 127, 130, 134, 137, 139, 141, 157, 159, 161, 162, 164, 169, 172, 175, 176, 181, 183, 184, 187, 191, 194, 198]
r: -0.1 info: -1
s: [0, 6, 47, 69, 79, 89, 92, 94, 101, 102, 105, 108, 111, 116, 120, 127, 130, 134, 137, 139, 141, 157, 159, 161, 162, 164, 169, 172, 175, 176, 181, 183, 184, 187, 191, 194, 198]
r: 0.0 info: 1
s: [0, 6, 47, 69, 79, 89, 92, 94, 101, 102, 105, 108, 111, 114, 116, 120, 127, 130, 134, 137, 139, 141, 157, 159, 161, 162, 164, 169, 172, 175, 176, 181, 183, 184, 187, 191, 194, 198]
r: 0.0 info: 1
s: [0, 6, 25, 47, 69, 79, 89, 92, 94, 101, 102, 105, 108, 111, 114, 116, 120, 127, 130, 134, 137, 139, 141, 157, 159, 161, 162, 164, 169, 172, 175, 176, 181, 183, 184, 187, 191, 194, 198]
r: 0.0 info: 1
s: [0, 6, 25, 47, 69, 79, 89, 92, 94, 101, 102, 105, 108, 111, 114, 116, 120, 127, 130, 134, 137, 139, 141, 157, 159, 161, 162, 164, 166, 169, 172, 175, 176, 181, 183, 184, 187, 191, 194, 198]
r: 0.0 info: 1
s: [0, 6, 25, 47, 69, 79, 89, 92, 94, 101, 102, 105, 108, 111, 114, 116, 120, 126, 127, 130, 134, 137, 139, 141, 157, 159, 161, 162, 164, 166, 169, 172, 175, 176, 181, 183, 184, 187, 191, 194, 198]
r: 0.0 info: 1
s: [0, 6, 25, 47, 69, 79, 89, 92, 94, 101, 102, 105, 108, 111, 114, 116, 120, 126, 127, 130, 134, 137, 139, 141, 157, 159, 161, 162, 164, 166, 169, 172, 175, 176, 181, 183, 184, 187, 191, 194, 198]
r: -2.1395583171397448 info: 0.028968656435608864
