s: [27]
r: 0.1 info: 1
s: [27, 50]
r: 0.1 info: 1
s: [6, 27, 50]
r: 0.1 info: 1
s: [6, 27, 50, 89]
r: 0.1 info: 1
s: [6, 27, 50, 89, 98]
r: 0.1 info: 1
s: [6, 8, 27, 50, 89, 98]
r: 0.1 info: 1
s: [6, 8, 27, 47, 50, 89, 98]
r: 0.1 info: 1
s: [6, 8, 27, 47, 50, 89, 98]
r: -0.1 info: -1
s: [6, 8, 27, 47, 50, 70, 89, 98]
r: 0.1 info: 1
s: [6, 8, 27, 47, 50, 70, 89, 98, 101]
r: 0.1 info: 1
s: [6, 8, 27, 47, 50, 70, 89, 98, 101, 102]
r: 0.1 info: 1
s: [6, 8, 27, 41, 47, 50, 70, 89, 98, 101, 102]
r: 0.1 info: 1
s: [6, 8, 27, 32, 41, 47, 50, 70, 89, 98, 101, 102]
r: 0.1 info: 1
s: [6, 8, 25, 27, 32, 41, 47, 50, 70, 89, 98, 101, 102]
r: 0.1 info: 1
s: [6, 8, 25, 27, 32, 41, 47, 50, 69, 70, 89, 98, 101, 102]
r: 0.1 info: 1
s: [6, 8, 25, 27, 32, 41, 47, 50, 55, 69, 70, 89, 98, 101, 102]
r: 0.1 info: 1
s: [6, 8, 10, 25, 27, 32, 41, 47, 50, 55, 69, 70, 89, 98, 101, 102]
r: 0.1 info: 1
s: [6, 8, 10, 25, 27, 29, 32, 41, 47, 50, 55, 69, 70, 89, 98, 101, 102]
r: 0.1 info: 1
s: [6, 8, 10, 25, 27, 29, 32, 41, 47, 50, 55, 69, 70, 89, 92, 98, 101, 102]
r: 0.1 info: 1
s: [6, 8, 10, 25, 27, 29, 32, 41, 47, 50, 55, 69, 70, 89, 92, 98, 101, 102]
r: -0.1 info: -1
s: [6, 8, 10, 25, 27, 29, 32, 41, 47, 50, 55, 56, 69, 70, 89, 92, 98, 101, 102]
r: 0.1 info: 1
s: [6, 8, 10, 25, 27, 29, 32, 41, 47, 50, 55, 56, 69, 70, 71, 89, 92, 98, 101, 102]
r: 0.1 info: 1
s: [6, 8, 10, 25, 27, 29, 32, 41, 47, 50, 55, 56, 69, 70, 71, 89, 92, 98, 101, 102]
r: -0.1 info: -1
s: [6, 8, 10, 25, 27, 29, 32, 41, 47, 50, 55, 56, 69, 70, 71, 89, 92, 98, 101, 102]
r: -0.1 info: -1
s: [6, 8, 10, 25, 27, 29, 32, 41, 47, 50, 55, 56, 69, 70, 71, 89, 92, 98, 101, 102]
r: -0.1 info: -1
s: [6, 8, 10, 25, 27, 29, 32, 41, 47, 50, 55, 56, 69, 70, 71, 80, 89, 92, 98, 101, 102]
r: 0.1 info: 1
s: [6, 8, 10, 25, 27, 29, 32, 41, 47, 50, 55, 56, 62, 69, 70, 71, 80, 89, 92, 98, 101, 102]
r: 0.1 info: 1
s: [6, 8, 10, 15, 25, 27, 29, 32, 41, 47, 50, 55, 56, 62, 69, 70, 71, 80, 89, 92, 98, 101, 102]
r: 0.1 info: 1
s: [6, 8, 10, 15, 16, 25, 27, 29, 32, 41, 47, 50, 55, 56, 62, 69, 70, 71, 80, 89, 92, 98, 101, 102]
r: 0.1 info: 1
s: [6, 8, 10, 15, 16, 25, 27, 29, 32, 41, 47, 50, 55, 56, 62, 69, 70, 71, 80, 89, 92, 98, 101, 102]
r: -0.1 info: -1
s: [6, 8, 10, 15, 16, 25, 27, 29, 32, 41, 47, 50, 54, 55, 56, 62, 69, 70, 71, 80, 89, 92, 98, 101, 102]
r: 0.1 info: 1
s: [6, 8, 10, 15, 16, 25, 27, 29, 32, 41, 47, 50, 54, 55, 56, 62, 69, 70, 71, 80, 89, 92, 95, 98, 101, 102]
r: 0.1 info: 1
s: [6, 8, 10, 15, 16, 25, 27, 29, 32, 41, 47, 50, 51, 54, 55, 56, 62, 69, 70, 71, 80, 89, 92, 95, 98, 101, 102]
r: 0.1 info: 1
s: [6, 8, 10, 15, 16, 25, 27, 29, 32, 41, 47, 50, 51, 54, 55, 56, 58, 62, 69, 70, 71, 80, 89, 92, 95, 98, 101, 102]
r: 0.1 info: 1
s: [6, 8, 10, 15, 16, 25, 27, 29, 32, 41, 47, 50, 51, 54, 55, 56, 58, 62, 69, 70, 71, 80, 89, 92, 95, 98, 101, 102]
r: -0.1 info: -1
s: [6, 8, 10, 15, 16, 25, 27, 29, 32, 41, 47, 50, 51, 54, 55, 56, 58, 62, 69, 70, 71, 80, 89, 92, 95, 98, 101, 102]
r: -0.1 info: -1
s: [6, 8, 10, 15, 16, 25, 27, 29, 32, 41, 45, 47, 50, 51, 54, 55, 56, 58, 62, 69, 70, 71, 80, 89, 92, 95, 98, 101, 102]
r: 0.1 info: 1
s: [6, 8, 10, 15, 16, 25, 27, 29, 32, 41, 45, 47, 50, 51, 54, 55, 56, 58, 62, 69, 70, 71, 80, 89, 90, 92, 95, 98, 101, 102]
r: 0.1 info: 1
s: [6, 8, 10, 12, 15, 16, 25, 27, 29, 32, 41, 45, 47, 50, 51, 54, 55, 56, 58, 62, 69, 70, 71, 80, 89, 90, 92, 95, 98, 101, 102]
r: 0.1 info: 1
s: [5, 6, 8, 10, 12, 15, 16, 25, 27, 29, 32, 41, 45, 47, 50, 51, 54, 55, 56, 58, 62, 69, 70, 71, 80, 89, 90, 92, 95, 98, 101, 102]
r: 0.1 info: 1
s: [5, 6, 8, 10, 12, 15, 16, 22, 25, 27, 29, 32, 41, 45, 47, 50, 51, 54, 55, 56, 58, 62, 69, 70, 71, 80, 89, 90, 92, 95, 98, 101, 102]
r: 0.1 info: 1
s: [5, 6, 8, 10, 12, 15, 16, 22, 25, 27, 29, 32, 41, 45, 47, 50, 51, 54, 55, 56, 58, 62, 69, 70, 71, 80, 89, 90, 92, 95, 98, 101, 102]
r: -0.1 info: -1
s: [5, 6, 8, 10, 12, 15, 16, 22, 25, 27, 29, 32, 41, 45, 47, 50, 51, 54, 55, 56, 58, 62, 69, 70, 71, 77, 80, 89, 90, 92, 95, 98, 101, 102]
r: 0.1 info: 1
s: [5, 6, 8, 10, 12, 15, 16, 22, 25, 27, 29, 32, 41, 45, 47, 50, 51, 54, 55, 56, 58, 62, 69, 70, 71, 77, 80, 87, 89, 90, 92, 95, 98, 101, 102]
r: 0.1 info: 1
s: [5, 6, 8, 10, 12, 15, 16, 22, 25, 27, 29, 32, 41, 45, 47, 50, 51, 54, 55, 56, 58, 62, 69, 70, 71, 77, 80, 87, 89, 90, 92, 95, 98, 101, 102]
r: -0.1 info: -1
s: [5, 6, 8, 10, 12, 15, 16, 22, 25, 27, 29, 32, 34, 41, 45, 47, 50, 51, 54, 55, 56, 58, 62, 69, 70, 71, 77, 80, 87, 89, 90, 92, 95, 98, 101, 102]
r: 0.1 info: 1
s: [5, 6, 8, 10, 12, 15, 16, 22, 25, 27, 29, 32, 34, 41, 44, 45, 47, 50, 51, 54, 55, 56, 58, 62, 69, 70, 71, 77, 80, 87, 89, 90, 92, 95, 98, 101, 102]
r: 0.1 info: 1
s: [5, 6, 8, 10, 12, 15, 16, 22, 25, 27, 29, 30, 32, 34, 41, 44, 45, 47, 50, 51, 54, 55, 56, 58, 62, 69, 70, 71, 77, 80, 87, 89, 90, 92, 95, 98, 101, 102]
r: 0.1 info: 1
s: [5, 6, 8, 10, 12, 15, 16, 17, 22, 25, 27, 29, 30, 32, 34, 41, 44, 45, 47, 50, 51, 54, 55, 56, 58, 62, 69, 70, 71, 77, 80, 87, 89, 90, 92, 95, 98, 101, 102]
r: 0.1 info: 1
s: [5, 6, 8, 10, 12, 15, 16, 17, 22, 25, 27, 29, 30, 32, 34, 40, 41, 44, 45, 47, 50, 51, 54, 55, 56, 58, 62, 69, 70, 71, 77, 80, 87, 89, 90, 92, 95, 98, 101, 102]
r: 0.1 info: 1
s: [5, 6, 8, 10, 12, 15, 16, 17, 22, 25, 27, 29, 30, 32, 34, 40, 41, 44, 45, 47, 50, 51, 54, 55, 56, 58, 62, 69, 70, 71, 77, 80, 87, 89, 90, 92, 95, 98, 101, 102]
r: -0.1 info: -1
s: [5, 6, 8, 10, 12, 15, 16, 17, 22, 25, 27, 29, 30, 32, 34, 40, 41, 44, 45, 47, 50, 51, 54, 55, 56, 58, 62, 69, 70, 71, 77, 80, 87, 89, 90, 92, 95, 98, 101, 102]
r: -0.1 info: -1
s: [0, 5, 6, 8, 10, 12, 15, 16, 17, 22, 25, 27, 29, 30, 32, 34, 40, 41, 44, 45, 47, 50, 51, 54, 55, 56, 58, 62, 69, 70, 71, 77, 80, 87, 89, 90, 92, 95, 98, 101, 102]
r: 0.1 info: 1
s: [0, 5, 6, 8, 10, 12, 15, 16, 17, 22, 25, 27, 29, 30, 32, 34, 40, 41, 44, 45, 47, 50, 51, 54, 55, 56, 58, 62, 69, 70, 71, 77, 80, 87, 89, 90, 92, 93, 95, 98, 101, 102]
r: 0.1 info: 1
s: [0, 5, 6, 8, 10, 12, 15, 16, 17, 22, 25, 27, 29, 30, 32, 34, 40, 41, 44, 45, 47, 48, 50, 51, 54, 55, 56, 58, 62, 69, 70, 71, 77, 80, 87, 89, 90, 92, 93, 95, 98, 101, 102]
r: 0.1 info: 1
s: [0, 5, 6, 8, 10, 12, 15, 16, 17, 22, 25, 27, 29, 30, 32, 34, 40, 41, 44, 45, 47, 48, 49, 50, 51, 54, 55, 56, 58, 62, 69, 70, 71, 77, 80, 87, 89, 90, 92, 93, 95, 98, 101, 102]
r: 0.1 info: 1
s: [0, 5, 6, 8, 10, 12, 15, 16, 17, 22, 25, 27, 29, 30, 32, 34, 40, 41, 44, 45, 47, 48, 49, 50, 51, 54, 55, 56, 58, 62, 69, 70, 71, 77, 80, 87, 89, 90, 92, 93, 95, 98, 101, 102]
r: -0.1 info: -1
s: [0, 5, 6, 8, 10, 12, 15, 16, 17, 22, 25, 27, 29, 30, 32, 34, 40, 41, 44, 45, 47, 48, 49, 50, 51, 54, 55, 56, 58, 62, 69, 70, 71, 72, 77, 80, 87, 89, 90, 92, 93, 95, 98, 101, 102]
r: 0.1 info: 1
s: [0, 5, 6, 8, 10, 12, 15, 16, 17, 22, 25, 27, 29, 30, 32, 34, 40, 41, 44, 45, 47, 48, 49, 50, 51, 54, 55, 56, 58, 62, 69, 70, 71, 72, 77, 80, 87, 89, 90, 92, 93, 95, 98, 101, 102]
r: -0.1 info: -1
s: [0, 5, 6, 7, 8, 10, 12, 15, 16, 17, 22, 25, 27, 29, 30, 32, 34, 40, 41, 44, 45, 47, 48, 49, 50, 51, 54, 55, 56, 58, 62, 69, 70, 71, 72, 77, 80, 87, 89, 90, 92, 93, 95, 98, 101, 102]
r: 0.1 info: 1
s: [0, 5, 6, 7, 8, 10, 12, 15, 16, 17, 22, 25, 27, 29, 30, 32, 34, 40, 41, 44, 45, 47, 48, 49, 50, 51, 54, 55, 56, 58, 62, 69, 70, 71, 72, 77, 80, 87, 89, 90, 92, 93, 95, 98, 101, 102]
r: -0.1 info: -1
s: [0, 5, 6, 7, 8, 10, 12, 15, 16, 17, 22, 25, 27, 29, 30, 32, 34, 40, 41, 44, 45, 47, 48, 49, 50, 51, 54, 55, 56, 58, 62, 69, 70, 71, 72, 77, 80, 87, 89, 90, 91, 92, 93, 95, 98, 101, 102]
r: 0.1 info: 1
s: [0, 5, 6, 7, 8, 10, 12, 15, 16, 17, 22, 25, 27, 29, 30, 32, 34, 40, 41, 44, 45, 47, 48, 49, 50, 51, 54, 55, 56, 58, 62, 65, 69, 70, 71, 72, 77, 80, 87, 89, 90, 91, 92, 93, 95, 98, 101, 102]
r: 0.1 info: 1
s: [0, 5, 6, 7, 8, 10, 12, 15, 16, 17, 22, 25, 27, 29, 30, 32, 34, 40, 41, 44, 45, 47, 48, 49, 50, 51, 54, 55, 56, 58, 62, 65, 69, 70, 71, 72, 77, 80, 87, 89, 90, 91, 92, 93, 95, 98, 101, 102]
r: -0.1 info: -1
s: [0, 5, 6, 7, 8, 10, 12, 15, 16, 17, 22, 25, 27, 29, 30, 32, 34, 40, 41, 44, 45, 47, 48, 49, 50, 51, 54, 55, 56, 58, 62, 65, 69, 70, 71, 72, 77, 80, 87, 89, 90, 91, 92, 93, 95, 98, 101, 102]
r: -0.1 info: -1
s: [0, 5, 6, 7, 8, 10, 12, 15, 16, 17, 22, 25, 27, 29, 30, 32, 34, 40, 41, 44, 45, 47, 48, 49, 50, 51, 54, 55, 56, 58, 62, 65, 69, 70, 71, 72, 77, 80, 87, 89, 90, 91, 92, 93, 95, 98, 101, 102]
r: -0.1 info: -1
s: [0, 5, 6, 7, 8, 10, 12, 15, 16, 17, 22, 25, 27, 29, 30, 32, 34, 40, 41, 42, 44, 45, 47, 48, 49, 50, 51, 54, 55, 56, 58, 62, 65, 69, 70, 71, 72, 77, 80, 87, 89, 90, 91, 92, 93, 95, 98, 101, 102]
r: 0.1 info: 1
s: [0, 5, 6, 7, 8, 10, 12, 15, 16, 17, 22, 25, 27, 29, 30, 32, 34, 40, 41, 42, 44, 45, 47, 48, 49, 50, 51, 54, 55, 56, 58, 62, 65, 69, 70, 71, 72, 77, 80, 87, 89, 90, 91, 92, 93, 95, 98, 101, 102]
r: -0.1 info: -1
s: [0, 5, 6, 7, 8, 10, 12, 15, 16, 17, 22, 25, 26, 27, 29, 30, 32, 34, 40, 41, 42, 44, 45, 47, 48, 49, 50, 51, 54, 55, 56, 58, 62, 65, 69, 70, 71, 72, 77, 80, 87, 89, 90, 91, 92, 93, 95, 98, 101, 102]
r: 0.1 info: 1
s: [0, 5, 6, 7, 8, 10, 12, 15, 16, 17, 22, 25, 26, 27, 29, 30, 32, 34, 40, 41, 42, 44, 45, 47, 48, 49, 50, 51, 54, 55, 56, 58, 62, 65, 69, 70, 71, 72, 77, 80, 85, 87, 89, 90, 91, 92, 93, 95, 98, 101, 102]
r: 0.1 info: 1
s: [0, 5, 6, 7, 8, 10, 12, 15, 16, 17, 22, 25, 26, 27, 29, 30, 32, 34, 40, 41, 42, 44, 45, 47, 48, 49, 50, 51, 54, 55, 56, 58, 62, 65, 69, 70, 71, 72, 77, 80, 85, 87, 89, 90, 91, 92, 93, 95, 96, 98, 101, 102]
r: 0.1 info: 1
s: [0, 5, 6, 7, 8, 10, 12, 15, 16, 17, 22, 25, 26, 27, 29, 30, 32, 34, 40, 41, 42, 44, 45, 47, 48, 49, 50, 51, 54, 55, 56, 58, 60, 62, 65, 69, 70, 71, 72, 77, 80, 85, 87, 89, 90, 91, 92, 93, 95, 96, 98, 101, 102]
r: 0.1 info: 1
s: [0, 5, 6, 7, 8, 10, 12, 15, 16, 17, 22, 25, 26, 27, 29, 30, 32, 34, 40, 41, 42, 44, 45, 47, 48, 49, 50, 51, 54, 55, 56, 58, 60, 62, 65, 69, 70, 71, 72, 77, 80, 85, 87, 89, 90, 91, 92, 93, 95, 96, 98, 101, 102]
r: -0.1 info: -1
s: [0, 5, 6, 7, 8, 10, 12, 15, 16, 17, 22, 25, 26, 27, 29, 30, 31, 32, 34, 40, 41, 42, 44, 45, 47, 48, 49, 50, 51, 54, 55, 56, 58, 60, 62, 65, 69, 70, 71, 72, 77, 80, 85, 87, 89, 90, 91, 92, 93, 95, 96, 98, 101, 102]
r: 0.1 info: 1
s: [0, 5, 6, 7, 8, 10, 12, 15, 16, 17, 22, 25, 26, 27, 29, 30, 31, 32, 34, 40, 41, 42, 44, 45, 47, 48, 49, 50, 51, 54, 55, 56, 58, 60, 62, 65, 69, 70, 71, 72, 77, 80, 84, 85, 87, 89, 90, 91, 92, 93, 95, 96, 98, 101, 102]
r: 0.1 info: 1
s: [0, 5, 6, 7, 8, 10, 12, 15, 16, 17, 22, 25, 26, 27, 29, 30, 31, 32, 34, 35, 40, 41, 42, 44, 45, 47, 48, 49, 50, 51, 54, 55, 56, 58, 60, 62, 65, 69, 70, 71, 72, 77, 80, 84, 85, 87, 89, 90, 91, 92, 93, 95, 96, 98, 101, 102]
r: 0.1 info: 1
s: [0, 5, 6, 7, 8, 10, 12, 15, 16, 17, 22, 25, 26, 27, 29, 30, 31, 32, 34, 35, 40, 41, 42, 44, 45, 47, 48, 49, 50, 51, 54, 55, 56, 58, 60, 62, 65, 69, 70, 71, 72, 77, 80, 84, 85, 87, 89, 90, 91, 92, 93, 95, 96, 98, 101, 102]
r: -0.1 info: -1
s: [0, 5, 6, 7, 8, 10, 12, 15, 16, 17, 22, 25, 26, 27, 29, 30, 31, 32, 34, 35, 40, 41, 42, 44, 45, 47, 48, 49, 50, 51, 54, 55, 56, 58, 60, 62, 65, 69, 70, 71, 72, 77, 80, 84, 85, 87, 88, 89, 90, 91, 92, 93, 95, 96, 98, 101, 102]
r: 0.1 info: 1
s: [0, 5, 6, 7, 8, 10, 12, 15, 16, 17, 22, 25, 26, 27, 29, 30, 31, 32, 34, 35, 40, 41, 42, 44, 45, 47, 48, 49, 50, 51, 54, 55, 56, 58, 60, 62, 65, 69, 70, 71, 72, 77, 80, 84, 85, 87, 88, 89, 90, 91, 92, 93, 95, 96, 98, 101, 102]
r: -0.1 info: -1
s: [0, 5, 6, 7, 8, 10, 11, 12, 15, 16, 17, 22, 25, 26, 27, 29, 30, 31, 32, 34, 35, 40, 41, 42, 44, 45, 47, 48, 49, 50, 51, 54, 55, 56, 58, 60, 62, 65, 69, 70, 71, 72, 77, 80, 84, 85, 87, 88, 89, 90, 91, 92, 93, 95, 96, 98, 101, 102]
r: 0.1 info: 1
s: [0, 5, 6, 7, 8, 10, 11, 12, 15, 16, 17, 22, 25, 26, 27, 29, 30, 31, 32, 34, 35, 40, 41, 42, 44, 45, 47, 48, 49, 50, 51, 54, 55, 56, 58, 60, 62, 65, 69, 70, 71, 72, 77, 80, 83, 84, 85, 87, 88, 89, 90, 91, 92, 93, 95, 96, 98, 101, 102]
r: 0.1 info: 1
s: [0, 5, 6, 7, 8, 10, 11, 12, 15, 16, 17, 22, 25, 26, 27, 29, 30, 31, 32, 34, 35, 40, 41, 42, 44, 45, 47, 48, 49, 50, 51, 54, 55, 56, 58, 60, 62, 65, 69, 70, 71, 72, 77, 80, 83, 84, 85, 87, 88, 89, 90, 91, 92, 93, 95, 96, 98, 101, 102]
r: -0.1 info: -1
s: [0, 5, 6, 7, 8, 10, 11, 12, 15, 16, 17, 22, 25, 26, 27, 29, 30, 31, 32, 34, 35, 40, 41, 42, 44, 45, 47, 48, 49, 50, 51, 54, 55, 56, 58, 60, 62, 65, 69, 70, 71, 72, 77, 80, 83, 84, 85, 87, 88, 89, 90, 91, 92, 93, 95, 96, 98, 101, 102]
r: -0.1 info: -1
s: [0, 5, 6, 7, 8, 10, 11, 12, 15, 16, 17, 22, 25, 26, 27, 29, 30, 31, 32, 34, 35, 40, 41, 42, 44, 45, 47, 48, 49, 50, 51, 54, 55, 56, 58, 60, 62, 65, 69, 70, 71, 72, 77, 80, 83, 84, 85, 87, 88, 89, 90, 91, 92, 93, 95, 96, 98, 101, 102]
r: -0.1 info: -1
s: [0, 5, 6, 7, 8, 10, 11, 12, 15, 16, 17, 22, 25, 26, 27, 29, 30, 31, 32, 34, 35, 40, 41, 42, 44, 45, 47, 48, 49, 50, 51, 54, 55, 56, 58, 60, 62, 65, 69, 70, 71, 72, 77, 80, 83, 84, 85, 86, 87, 88, 89, 90, 91, 92, 93, 95, 96, 98, 101, 102]
r: 0.1 info: 1
s: [0, 5, 6, 7, 8, 10, 11, 12, 15, 16, 17, 22, 25, 26, 27, 29, 30, 31, 32, 34, 35, 40, 41, 42, 44, 45, 47, 48, 49, 50, 51, 54, 55, 56, 58, 60, 62, 65, 69, 70, 71, 72, 77, 80, 83, 84, 85, 86, 87, 88, 89, 90, 91, 92, 93, 95, 96, 98, 101, 102]
r: -0.1 info: -1
s: [0, 5, 6, 7, 8, 9, 10, 11, 12, 15, 16, 17, 22, 25, 26, 27, 29, 30, 31, 32, 34, 35, 40, 41, 42, 44, 45, 47, 48, 49, 50, 51, 54, 55, 56, 58, 60, 62, 65, 69, 70, 71, 72, 77, 80, 83, 84, 85, 86, 87, 88, 89, 90, 91, 92, 93, 95, 96, 98, 101, 102]
r: 0.1 info: 1
s: [0, 5, 6, 7, 8, 9, 10, 11, 12, 15, 16, 17, 22, 25, 26, 27, 29, 30, 31, 32, 34, 35, 40, 41, 42, 44, 45, 47, 48, 49, 50, 51, 54, 55, 56, 58, 60, 62, 65, 69, 70, 71, 72, 77, 80, 83, 84, 85, 86, 87, 88, 89, 90, 91, 92, 93, 95, 96, 98, 101, 102]
r: -0.1 info: -1
s: [0, 5, 6, 7, 8, 9, 10, 11, 12, 15, 16, 17, 22, 25, 26, 27, 29, 30, 31, 32, 34, 35, 40, 41, 42, 44, 45, 47, 48, 49, 50, 51, 54, 55, 56, 58, 60, 62, 63, 65, 69, 70, 71, 72, 77, 80, 83, 84, 85, 86, 87, 88, 89, 90, 91, 92, 93, 95, 96, 98, 101, 102]
r: 0.1 info: 1
s: [0, 5, 6, 7, 8, 9, 10, 11, 12, 15, 16, 17, 22, 25, 26, 27, 29, 30, 31, 32, 34, 35, 40, 41, 42, 44, 45, 47, 48, 49, 50, 51, 54, 55, 56, 58, 60, 62, 63, 65, 69, 70, 71, 72, 77, 80, 83, 84, 85, 86, 87, 88, 89, 90, 91, 92, 93, 95, 96, 98, 101, 102]
r: -0.1 info: -1
s: [0, 5, 6, 7, 8, 9, 10, 11, 12, 15, 16, 17, 22, 25, 26, 27, 29, 30, 31, 32, 34, 35, 40, 41, 42, 44, 45, 47, 48, 49, 50, 51, 54, 55, 56, 58, 60, 62, 63, 65, 69, 70, 71, 72, 77, 80, 83, 84, 85, 86, 87, 88, 89, 90, 91, 92, 93, 95, 96, 98, 101, 102]
r: -0.1 info: -1
s: [0, 5, 6, 7, 8, 9, 10, 11, 12, 15, 16, 17, 22, 24, 25, 26, 27, 29, 30, 31, 32, 34, 35, 40, 41, 42, 44, 45, 47, 48, 49, 50, 51, 54, 55, 56, 58, 60, 62, 63, 65, 69, 70, 71, 72, 77, 80, 83, 84, 85, 86, 87, 88, 89, 90, 91, 92, 93, 95, 96, 98, 101, 102]
r: 0.1 info: 1
s: [0, 5, 6, 7, 8, 9, 10, 11, 12, 15, 16, 17, 19, 22, 24, 25, 26, 27, 29, 30, 31, 32, 34, 35, 40, 41, 42, 44, 45, 47, 48, 49, 50, 51, 54, 55, 56, 58, 60, 62, 63, 65, 69, 70, 71, 72, 77, 80, 83, 84, 85, 86, 87, 88, 89, 90, 91, 92, 93, 95, 96, 98, 101, 102]
r: 0.1 info: 1
s: [0, 5, 6, 7, 8, 9, 10, 11, 12, 15, 16, 17, 19, 22, 24, 25, 26, 27, 29, 30, 31, 32, 34, 35, 40, 41, 42, 44, 45, 47, 48, 49, 50, 51, 54, 55, 56, 58, 60, 62, 63, 65, 69, 70, 71, 72, 77, 80, 83, 84, 85, 86, 87, 88, 89, 90, 91, 92, 93, 95, 96, 98, 101, 102]
r: -0.1 info: -1
s: [0, 5, 6, 7, 8, 9, 10, 11, 12, 15, 16, 17, 19, 22, 24, 25, 26, 27, 29, 30, 31, 32, 34, 35, 40, 41, 42, 44, 45, 47, 48, 49, 50, 51, 54, 55, 56, 58, 60, 62, 63, 65, 69, 70, 71, 72, 77, 80, 83, 84, 85, 86, 87, 88, 89, 90, 91, 92, 93, 95, 96, 98, 101, 102]
r: -0.1 info: -1
s: [0, 5, 6, 7, 8, 9, 10, 11, 12, 15, 16, 17, 19, 22, 24, 25, 26, 27, 29, 30, 31, 32, 34, 35, 40, 41, 42, 44, 45, 47, 48, 49, 50, 51, 54, 55, 56, 58, 60, 62, 63, 65, 69, 70, 71, 72, 77, 80, 83, 84, 85, 86, 87, 88, 89, 90, 91, 92, 93, 95, 96, 98, 101, 102]
r: -0.1 info: -1
s: [0, 5, 6, 7, 8, 9, 10, 11, 12, 15, 16, 17, 19, 22, 24, 25, 26, 27, 29, 30, 31, 32, 34, 35, 40, 41, 42, 44, 45, 47, 48, 49, 50, 51, 54, 55, 56, 58, 60, 62, 63, 65, 69, 70, 71, 72, 77, 80, 83, 84, 85, 86, 87, 88, 89, 90, 91, 92, 93, 95, 96, 98, 101, 102]
r: -0.1 info: -1
s: [0, 5, 6, 7, 8, 9, 10, 11, 12, 15, 16, 17, 19, 22, 24, 25, 26, 27, 29, 30, 31, 32, 34, 35, 40, 41, 42, 44, 45, 47, 48, 49, 50, 51, 54, 55, 56, 58, 60, 62, 63, 65, 69, 70, 71, 72, 77, 80, 83, 84, 85, 86, 87, 88, 89, 90, 91, 92, 93, 95, 96, 98, 101, 102]
r: -0.1 info: -1
s: [0, 5, 6, 7, 8, 9, 10, 11, 12, 15, 16, 17, 19, 22, 24, 25, 26, 27, 29, 30, 31, 32, 34, 35, 40, 41, 42, 44, 45, 47, 48, 49, 50, 51, 54, 55, 56, 58, 60, 62, 63, 65, 69, 70, 71, 72, 77, 80, 83, 84, 85, 86, 87, 88, 89, 90, 91, 92, 93, 95, 96, 98, 101, 102]
r: -0.1 info: -1
s: [0, 5, 6, 7, 8, 9, 10, 11, 12, 15, 16, 17, 19, 20, 22, 24, 25, 26, 27, 29, 30, 31, 32, 34, 35, 40, 41, 42, 44, 45, 47, 48, 49, 50, 51, 54, 55, 56, 58, 60, 62, 63, 65, 69, 70, 71, 72, 77, 80, 83, 84, 85, 86, 87, 88, 89, 90, 91, 92, 93, 95, 96, 98, 101, 102]
r: 0.1 info: 1
s: [0, 5, 6, 7, 8, 9, 10, 11, 12, 15, 16, 17, 19, 20, 22, 24, 25, 26, 27, 29, 30, 31, 32, 34, 35, 40, 41, 42, 44, 45, 47, 48, 49, 50, 51, 54, 55, 56, 58, 60, 62, 63, 65, 69, 70, 71, 72, 77, 79, 80, 83, 84, 85, 86, 87, 88, 89, 90, 91, 92, 93, 95, 96, 98, 101, 102]
r: 0.1 info: 1
s: [0, 5, 6, 7, 8, 9, 10, 11, 12, 15, 16, 17, 19, 20, 22, 24, 25, 26, 27, 29, 30, 31, 32, 34, 35, 36, 40, 41, 42, 44, 45, 47, 48, 49, 50, 51, 54, 55, 56, 58, 60, 62, 63, 65, 69, 70, 71, 72, 77, 79, 80, 83, 84, 85, 86, 87, 88, 89, 90, 91, 92, 93, 95, 96, 98, 101, 102]
r: 0.1 info: 1
s: [0, 5, 6, 7, 8, 9, 10, 11, 12, 15, 16, 17, 19, 20, 22, 24, 25, 26, 27, 29, 30, 31, 32, 34, 35, 36, 40, 41, 42, 44, 45, 47, 48, 49, 50, 51, 54, 55, 56, 58, 60, 62, 63, 65, 69, 70, 71, 72, 77, 79, 80, 83, 84, 85, 86, 87, 88, 89, 90, 91, 92, 93, 95, 96, 98, 101, 102]
r: -0.1 info: -1
s: [0, 5, 6, 7, 8, 9, 10, 11, 12, 15, 16, 17, 19, 20, 22, 24, 25, 26, 27, 29, 30, 31, 32, 34, 35, 36, 40, 41, 42, 44, 45, 47, 48, 49, 50, 51, 54, 55, 56, 58, 60, 62, 63, 65, 69, 70, 71, 72, 77, 79, 80, 83, 84, 85, 86, 87, 88, 89, 90, 91, 92, 93, 95, 96, 98, 101, 102]
r: -0.1 info: -1
s: [0, 5, 6, 7, 8, 9, 10, 11, 12, 15, 16, 17, 19, 20, 22, 24, 25, 26, 27, 29, 30, 31, 32, 34, 35, 36, 40, 41, 42, 44, 45, 47, 48, 49, 50, 51, 54, 55, 56, 58, 60, 62, 63, 65, 69, 70, 71, 72, 77, 79, 80, 83, 84, 85, 86, 87, 88, 89, 90, 91, 92, 93, 95, 96, 98, 101, 102]
r: -0.1 info: -1
s: [0, 5, 6, 7, 8, 9, 10, 11, 12, 15, 16, 17, 19, 20, 22, 24, 25, 26, 27, 29, 30, 31, 32, 34, 35, 36, 40, 41, 42, 44, 45, 47, 48, 49, 50, 51, 54, 55, 56, 58, 60, 62, 63, 65, 69, 70, 71, 72, 77, 79, 80, 83, 84, 85, 86, 87, 88, 89, 90, 91, 92, 93, 95, 96, 98, 101, 102]
r: -0.1 info: -1
s: [0, 5, 6, 7, 8, 9, 10, 11, 12, 15, 16, 17, 19, 20, 22, 24, 25, 26, 27, 29, 30, 31, 32, 34, 35, 36, 40, 41, 42, 44, 45, 47, 48, 49, 50, 51, 54, 55, 56, 58, 60, 62, 63, 65, 69, 70, 71, 72, 77, 79, 80, 83, 84, 85, 86, 87, 88, 89, 90, 91, 92, 93, 95, 96, 98, 101, 102]
r: -0.1 info: -1
s: [0, 5, 6, 7, 8, 9, 10, 11, 12, 15, 16, 17, 19, 20, 22, 24, 25, 26, 27, 29, 30, 31, 32, 34, 35, 36, 40, 41, 42, 44, 45, 47, 48, 49, 50, 51, 52, 54, 55, 56, 58, 60, 62, 63, 65, 69, 70, 71, 72, 77, 79, 80, 83, 84, 85, 86, 87, 88, 89, 90, 91, 92, 93, 95, 96, 98, 101, 102]
r: 0.1 info: 1
s: [0, 5, 6, 7, 8, 9, 10, 11, 12, 15, 16, 17, 19, 20, 22, 24, 25, 26, 27, 29, 30, 31, 32, 34, 35, 36, 40, 41, 42, 44, 45, 47, 48, 49, 50, 51, 52, 54, 55, 56, 58, 60, 62, 63, 65, 69, 70, 71, 72, 77, 79, 80, 83, 84, 85, 86, 87, 88, 89, 90, 91, 92, 93, 95, 96, 98, 101, 102]
r: -0.1 info: -1
s: [0, 5, 6, 7, 8, 9, 10, 11, 12, 15, 16, 17, 19, 20, 22, 24, 25, 26, 27, 29, 30, 31, 32, 34, 35, 36, 40, 41, 42, 44, 45, 47, 48, 49, 50, 51, 52, 54, 55, 56, 58, 60, 62, 63, 65, 69, 70, 71, 72, 77, 79, 80, 83, 84, 85, 86, 87, 88, 89, 90, 91, 92, 93, 95, 96, 98, 101, 102]
r: -0.1 info: -1
s: [0, 5, 6, 7, 8, 9, 10, 11, 12, 15, 16, 17, 19, 20, 22, 24, 25, 26, 27, 29, 30, 31, 32, 34, 35, 36, 40, 41, 42, 44, 45, 47, 48, 49, 50, 51, 52, 54, 55, 56, 58, 60, 62, 63, 65, 69, 70, 71, 72, 77, 79, 80, 83, 84, 85, 86, 87, 88, 89, 90, 91, 92, 93, 95, 96, 98, 101, 102]
r: -0.1 info: -1
s: [0, 2, 5, 6, 7, 8, 9, 10, 11, 12, 15, 16, 17, 19, 20, 22, 24, 25, 26, 27, 29, 30, 31, 32, 34, 35, 36, 40, 41, 42, 44, 45, 47, 48, 49, 50, 51, 52, 54, 55, 56, 58, 60, 62, 63, 65, 69, 70, 71, 72, 77, 79, 80, 83, 84, 85, 86, 87, 88, 89, 90, 91, 92, 93, 95, 96, 98, 101, 102]
r: 0.1 info: 1
s: [0, 2, 5, 6, 7, 8, 9, 10, 11, 12, 15, 16, 17, 19, 20, 22, 24, 25, 26, 27, 29, 30, 31, 32, 34, 35, 36, 40, 41, 42, 44, 45, 47, 48, 49, 50, 51, 52, 54, 55, 56, 58, 60, 62, 63, 65, 69, 70, 71, 72, 77, 79, 80, 83, 84, 85, 86, 87, 88, 89, 90, 91, 92, 93, 95, 96, 98, 101, 102]
r: -0.1 info: -1
s: [0, 2, 5, 6, 7, 8, 9, 10, 11, 12, 15, 16, 17, 19, 20, 22, 24, 25, 26, 27, 29, 30, 31, 32, 34, 35, 36, 40, 41, 42, 44, 45, 47, 48, 49, 50, 51, 52, 54, 55, 56, 58, 60, 62, 63, 65, 69, 70, 71, 72, 77, 79, 80, 83, 84, 85, 86, 87, 88, 89, 90, 91, 92, 93, 95, 96, 98, 101, 102]
r: -0.1 info: -1
s: [0, 2, 5, 6, 7, 8, 9, 10, 11, 12, 15, 16, 17, 19, 20, 22, 24, 25, 26, 27, 29, 30, 31, 32, 34, 35, 36, 40, 41, 42, 44, 45, 47, 48, 49, 50, 51, 52, 54, 55, 56, 58, 60, 62, 63, 65, 69, 70, 71, 72, 77, 79, 80, 83, 84, 85, 86, 87, 88, 89, 90, 91, 92, 93, 95, 96, 98, 101, 102]
r: -0.1 info: -1
s: [0, 2, 5, 6, 7, 8, 9, 10, 11, 12, 15, 16, 17, 19, 20, 22, 24, 25, 26, 27, 29, 30, 31, 32, 34, 35, 36, 40, 41, 42, 44, 45, 47, 48, 49, 50, 51, 52, 54, 55, 56, 58, 60, 62, 63, 65, 69, 70, 71, 72, 77, 79, 80, 83, 84, 85, 86, 87, 88, 89, 90, 91, 92, 93, 95, 96, 98, 101, 102]
r: -0.1 info: -1
s: [0, 2, 5, 6, 7, 8, 9, 10, 11, 12, 15, 16, 17, 19, 20, 22, 24, 25, 26, 27, 29, 30, 31, 32, 34, 35, 36, 40, 41, 42, 44, 45, 47, 48, 49, 50, 51, 52, 54, 55, 56, 58, 60, 62, 63, 65, 69, 70, 71, 72, 77, 79, 80, 83, 84, 85, 86, 87, 88, 89, 90, 91, 92, 93, 95, 96, 98, 101, 102]
r: -0.1 info: -1
s: [0, 2, 5, 6, 7, 8, 9, 10, 11, 12, 15, 16, 17, 19, 20, 22, 24, 25, 26, 27, 29, 30, 31, 32, 34, 35, 36, 40, 41, 42, 44, 45, 47, 48, 49, 50, 51, 52, 54, 55, 56, 58, 60, 62, 63, 65, 69, 70, 71, 72, 77, 79, 80, 83, 84, 85, 86, 87, 88, 89, 90, 91, 92, 93, 95, 96, 98, 101, 102]
r: -0.1 info: -1
s: [0, 2, 5, 6, 7, 8, 9, 10, 11, 12, 15, 16, 17, 19, 20, 22, 24, 25, 26, 27, 29, 30, 31, 32, 34, 35, 36, 40, 41, 42, 44, 45, 47, 48, 49, 50, 51, 52, 54, 55, 56, 58, 60, 62, 63, 65, 69, 70, 71, 72, 77, 79, 80, 83, 84, 85, 86, 87, 88, 89, 90, 91, 92, 93, 95, 96, 98, 101, 102]
r: -0.1 info: -1
s: [0, 2, 5, 6, 7, 8, 9, 10, 11, 12, 15, 16, 17, 19, 20, 22, 24, 25, 26, 27, 29, 30, 31, 32, 34, 35, 36, 40, 41, 42, 44, 45, 47, 48, 49, 50, 51, 52, 54, 55, 56, 58, 60, 62, 63, 65, 69, 70, 71, 72, 77, 79, 80, 83, 84, 85, 86, 87, 88, 89, 90, 91, 92, 93, 95, 96, 98, 101, 102]
r: -0.1 info: -1
s: [0, 2, 5, 6, 7, 8, 9, 10, 11, 12, 15, 16, 17, 19, 20, 22, 24, 25, 26, 27, 29, 30, 31, 32, 34, 35, 36, 40, 41, 42, 44, 45, 47, 48, 49, 50, 51, 52, 54, 55, 56, 58, 60, 62, 63, 65, 69, 70, 71, 72, 73, 77, 79, 80, 83, 84, 85, 86, 87, 88, 89, 90, 91, 92, 93, 95, 96, 98, 101, 102]
r: 0.1 info: 1
s: [0, 2, 5, 6, 7, 8, 9, 10, 11, 12, 15, 16, 17, 19, 20, 22, 24, 25, 26, 27, 29, 30, 31, 32, 34, 35, 36, 40, 41, 42, 44, 45, 47, 48, 49, 50, 51, 52, 54, 55, 56, 58, 60, 62, 63, 65, 69, 70, 71, 72, 73, 77, 79, 80, 83, 84, 85, 86, 87, 88, 89, 90, 91, 92, 93, 95, 96, 98, 101, 102]
r: -0.1 info: -1
s: [0, 2, 5, 6, 7, 8, 9, 10, 11, 12, 15, 16, 17, 19, 20, 22, 24, 25, 26, 27, 29, 30, 31, 32, 34, 35, 36, 40, 41, 42, 44, 45, 47, 48, 49, 50, 51, 52, 54, 55, 56, 58, 60, 62, 63, 65, 69, 70, 71, 72, 73, 77, 79, 80, 83, 84, 85, 86, 87, 88, 89, 90, 91, 92, 93, 95, 96, 98, 101, 102]
r: -0.1 info: -1
s: [0, 2, 3, 5, 6, 7, 8, 9, 10, 11, 12, 15, 16, 17, 19, 20, 22, 24, 25, 26, 27, 29, 30, 31, 32, 34, 35, 36, 40, 41, 42, 44, 45, 47, 48, 49, 50, 51, 52, 54, 55, 56, 58, 60, 62, 63, 65, 69, 70, 71, 72, 73, 77, 79, 80, 83, 84, 85, 86, 87, 88, 89, 90, 91, 92, 93, 95, 96, 98, 101, 102]
r: 0.1 info: 1
s: [0, 2, 3, 5, 6, 7, 8, 9, 10, 11, 12, 15, 16, 17, 19, 20, 22, 24, 25, 26, 27, 29, 30, 31, 32, 34, 35, 36, 39, 40, 41, 42, 44, 45, 47, 48, 49, 50, 51, 52, 54, 55, 56, 58, 60, 62, 63, 65, 69, 70, 71, 72, 73, 77, 79, 80, 83, 84, 85, 86, 87, 88, 89, 90, 91, 92, 93, 95, 96, 98, 101, 102]
r: 0.1 info: 1
s: [0, 2, 3, 5, 6, 7, 8, 9, 10, 11, 12, 15, 16, 17, 19, 20, 22, 24, 25, 26, 27, 29, 30, 31, 32, 34, 35, 36, 39, 40, 41, 42, 44, 45, 47, 48, 49, 50, 51, 52, 54, 55, 56, 58, 60, 62, 63, 65, 69, 70, 71, 72, 73, 77, 79, 80, 83, 84, 85, 86, 87, 88, 89, 90, 91, 92, 93, 95, 96, 98, 101, 102]
r: -0.1 info: -1
s: [0, 2, 3, 5, 6, 7, 8, 9, 10, 11, 12, 15, 16, 17, 19, 20, 22, 24, 25, 26, 27, 29, 30, 31, 32, 34, 35, 36, 39, 40, 41, 42, 44, 45, 47, 48, 49, 50, 51, 52, 54, 55, 56, 58, 60, 62, 63, 65, 69, 70, 71, 72, 73, 77, 79, 80, 83, 84, 85, 86, 87, 88, 89, 90, 91, 92, 93, 95, 96, 98, 101, 102]
r: -0.1 info: -1
s: [0, 2, 3, 5, 6, 7, 8, 9, 10, 11, 12, 15, 16, 17, 19, 20, 22, 24, 25, 26, 27, 29, 30, 31, 32, 34, 35, 36, 39, 40, 41, 42, 44, 45, 47, 48, 49, 50, 51, 52, 54, 55, 56, 58, 60, 62, 63, 65, 69, 70, 71, 72, 73, 77, 79, 80, 83, 84, 85, 86, 87, 88, 89, 90, 91, 92, 93, 95, 96, 98, 101, 102]
r: -0.1 info: -1
s: [0, 2, 3, 5, 6, 7, 8, 9, 10, 11, 12, 15, 16, 17, 19, 20, 22, 24, 25, 26, 27, 29, 30, 31, 32, 34, 35, 36, 39, 40, 41, 42, 44, 45, 47, 48, 49, 50, 51, 52, 54, 55, 56, 57, 58, 60, 62, 63, 65, 69, 70, 71, 72, 73, 77, 79, 80, 83, 84, 85, 86, 87, 88, 89, 90, 91, 92, 93, 95, 96, 98, 101, 102]
r: 0.1 info: 1
s: [0, 2, 3, 5, 6, 7, 8, 9, 10, 11, 12, 15, 16, 17, 19, 20, 22, 24, 25, 26, 27, 29, 30, 31, 32, 34, 35, 36, 39, 40, 41, 42, 44, 45, 47, 48, 49, 50, 51, 52, 54, 55, 56, 57, 58, 60, 62, 63, 65, 69, 70, 71, 72, 73, 77, 79, 80, 83, 84, 85, 86, 87, 88, 89, 90, 91, 92, 93, 95, 96, 98, 101, 102]
r: -0.1 info: -1
s: [0, 2, 3, 5, 6, 7, 8, 9, 10, 11, 12, 15, 16, 17, 19, 20, 22, 24, 25, 26, 27, 29, 30, 31, 32, 34, 35, 36, 39, 40, 41, 42, 44, 45, 47, 48, 49, 50, 51, 52, 54, 55, 56, 57, 58, 60, 62, 63, 65, 69, 70, 71, 72, 73, 77, 79, 80, 83, 84, 85, 86, 87, 88, 89, 90, 91, 92, 93, 95, 96, 98, 101, 102]
r: -0.1 info: -1
s: [0, 2, 3, 5, 6, 7, 8, 9, 10, 11, 12, 15, 16, 17, 19, 20, 22, 24, 25, 26, 27, 29, 30, 31, 32, 34, 35, 36, 39, 40, 41, 42, 44, 45, 47, 48, 49, 50, 51, 52, 54, 55, 56, 57, 58, 60, 62, 63, 65, 69, 70, 71, 72, 73, 77, 79, 80, 83, 84, 85, 86, 87, 88, 89, 90, 91, 92, 93, 95, 96, 98, 101, 102]
r: -0.1 info: -1
s: [0, 2, 3, 5, 6, 7, 8, 9, 10, 11, 12, 15, 16, 17, 19, 20, 21, 22, 24, 25, 26, 27, 29, 30, 31, 32, 34, 35, 36, 39, 40, 41, 42, 44, 45, 47, 48, 49, 50, 51, 52, 54, 55, 56, 57, 58, 60, 62, 63, 65, 69, 70, 71, 72, 73, 77, 79, 80, 83, 84, 85, 86, 87, 88, 89, 90, 91, 92, 93, 95, 96, 98, 101, 102]
r: 0.1 info: 1
s: [0, 2, 3, 5, 6, 7, 8, 9, 10, 11, 12, 15, 16, 17, 19, 20, 21, 22, 24, 25, 26, 27, 29, 30, 31, 32, 34, 35, 36, 39, 40, 41, 42, 44, 45, 47, 48, 49, 50, 51, 52, 54, 55, 56, 57, 58, 60, 62, 63, 65, 69, 70, 71, 72, 73, 77, 79, 80, 83, 84, 85, 86, 87, 88, 89, 90, 91, 92, 93, 95, 96, 98, 101, 102]
r: -0.1 info: -1
s: [0, 2, 3, 5, 6, 7, 8, 9, 10, 11, 12, 15, 16, 17, 19, 20, 21, 22, 24, 25, 26, 27, 29, 30, 31, 32, 34, 35, 36, 39, 40, 41, 42, 44, 45, 47, 48, 49, 50, 51, 52, 54, 55, 56, 57, 58, 60, 62, 63, 65, 69, 70, 71, 72, 73, 77, 79, 80, 83, 84, 85, 86, 87, 88, 89, 90, 91, 92, 93, 95, 96, 98, 101, 102]
r: -0.1 info: -1
s: [0, 2, 3, 5, 6, 7, 8, 9, 10, 11, 12, 15, 16, 17, 19, 20, 21, 22, 24, 25, 26, 27, 29, 30, 31, 32, 34, 35, 36, 39, 40, 41, 42, 44, 45, 47, 48, 49, 50, 51, 52, 54, 55, 56, 57, 58, 60, 62, 63, 65, 69, 70, 71, 72, 73, 77, 79, 80, 83, 84, 85, 86, 87, 88, 89, 90, 91, 92, 93, 95, 96, 98, 101, 102]
r: -0.1 info: -1
s: [0, 2, 3, 5, 6, 7, 8, 9, 10, 11, 12, 15, 16, 17, 19, 20, 21, 22, 24, 25, 26, 27, 29, 30, 31, 32, 34, 35, 36, 39, 40, 41, 42, 44, 45, 47, 48, 49, 50, 51, 52, 54, 55, 56, 57, 58, 60, 62, 63, 65, 69, 70, 71, 72, 73, 74, 77, 79, 80, 83, 84, 85, 86, 87, 88, 89, 90, 91, 92, 93, 95, 96, 98, 101, 102]
r: 0.1 info: 1
s: [0, 2, 3, 5, 6, 7, 8, 9, 10, 11, 12, 15, 16, 17, 19, 20, 21, 22, 24, 25, 26, 27, 29, 30, 31, 32, 34, 35, 36, 39, 40, 41, 42, 44, 45, 47, 48, 49, 50, 51, 52, 54, 55, 56, 57, 58, 60, 62, 63, 65, 69, 70, 71, 72, 73, 74, 77, 79, 80, 81, 83, 84, 85, 86, 87, 88, 89, 90, 91, 92, 93, 95, 96, 98, 101, 102]
r: 0.1 info: 1
s: [0, 2, 3, 5, 6, 7, 8, 9, 10, 11, 12, 15, 16, 17, 19, 20, 21, 22, 24, 25, 26, 27, 29, 30, 31, 32, 34, 35, 36, 39, 40, 41, 42, 44, 45, 47, 48, 49, 50, 51, 52, 54, 55, 56, 57, 58, 60, 62, 63, 65, 69, 70, 71, 72, 73, 74, 77, 79, 80, 81, 83, 84, 85, 86, 87, 88, 89, 90, 91, 92, 93, 95, 96, 98, 101, 102]
r: -0.1 info: -1
s: [0, 2, 3, 5, 6, 7, 8, 9, 10, 11, 12, 15, 16, 17, 19, 20, 21, 22, 24, 25, 26, 27, 29, 30, 31, 32, 34, 35, 36, 39, 40, 41, 42, 44, 45, 47, 48, 49, 50, 51, 52, 54, 55, 56, 57, 58, 60, 62, 63, 65, 69, 70, 71, 72, 73, 74, 77, 79, 80, 81, 83, 84, 85, 86, 87, 88, 89, 90, 91, 92, 93, 95, 96, 98, 101, 102]
r: -0.1 info: -1
s: [0, 2, 3, 5, 6, 7, 8, 9, 10, 11, 12, 15, 16, 17, 19, 20, 21, 22, 24, 25, 26, 27, 29, 30, 31, 32, 34, 35, 36, 39, 40, 41, 42, 44, 45, 47, 48, 49, 50, 51, 52, 54, 55, 56, 57, 58, 60, 62, 63, 65, 69, 70, 71, 72, 73, 74, 77, 79, 80, 81, 83, 84, 85, 86, 87, 88, 89, 90, 91, 92, 93, 95, 96, 98, 101, 102]
r: -0.1 info: -1
s: [0, 2, 3, 5, 6, 7, 8, 9, 10, 11, 12, 15, 16, 17, 19, 20, 21, 22, 24, 25, 26, 27, 29, 30, 31, 32, 34, 35, 36, 39, 40, 41, 42, 44, 45, 47, 48, 49, 50, 51, 52, 54, 55, 56, 57, 58, 60, 62, 63, 65, 68, 69, 70, 71, 72, 73, 74, 77, 79, 80, 81, 83, 84, 85, 86, 87, 88, 89, 90, 91, 92, 93, 95, 96, 98, 101, 102]
r: 0.1 info: 1
s: [0, 2, 3, 5, 6, 7, 8, 9, 10, 11, 12, 15, 16, 17, 19, 20, 21, 22, 24, 25, 26, 27, 29, 30, 31, 32, 34, 35, 36, 39, 40, 41, 42, 44, 45, 47, 48, 49, 50, 51, 52, 54, 55, 56, 57, 58, 60, 62, 63, 65, 68, 69, 70, 71, 72, 73, 74, 77, 79, 80, 81, 83, 84, 85, 86, 87, 88, 89, 90, 91, 92, 93, 95, 96, 98, 101, 102]
r: -0.1 info: -1
s: [0, 2, 3, 5, 6, 7, 8, 9, 10, 11, 12, 15, 16, 17, 19, 20, 21, 22, 24, 25, 26, 27, 29, 30, 31, 32, 34, 35, 36, 39, 40, 41, 42, 44, 45, 47, 48, 49, 50, 51, 52, 54, 55, 56, 57, 58, 60, 62, 63, 65, 68, 69, 70, 71, 72, 73, 74, 77, 79, 80, 81, 83, 84, 85, 86, 87, 88, 89, 90, 91, 92, 93, 95, 96, 98, 101, 102]
r: -0.1 info: -1
s: [0, 2, 3, 5, 6, 7, 8, 9, 10, 11, 12, 15, 16, 17, 19, 20, 21, 22, 24, 25, 26, 27, 29, 30, 31, 32, 34, 35, 36, 39, 40, 41, 42, 44, 45, 47, 48, 49, 50, 51, 52, 54, 55, 56, 57, 58, 60, 62, 63, 65, 68, 69, 70, 71, 72, 73, 74, 77, 79, 80, 81, 83, 84, 85, 86, 87, 88, 89, 90, 91, 92, 93, 95, 96, 98, 101, 102]
r: -0.1 info: -1
s: [0, 2, 3, 5, 6, 7, 8, 9, 10, 11, 12, 15, 16, 17, 19, 20, 21, 22, 24, 25, 26, 27, 29, 30, 31, 32, 34, 35, 36, 39, 40, 41, 42, 44, 45, 47, 48, 49, 50, 51, 52, 54, 55, 56, 57, 58, 60, 62, 63, 65, 68, 69, 70, 71, 72, 73, 74, 76, 77, 79, 80, 81, 83, 84, 85, 86, 87, 88, 89, 90, 91, 92, 93, 95, 96, 98, 101, 102]
r: 0.1 info: 1
s: [0, 2, 3, 5, 6, 7, 8, 9, 10, 11, 12, 15, 16, 17, 19, 20, 21, 22, 24, 25, 26, 27, 29, 30, 31, 32, 34, 35, 36, 39, 40, 41, 42, 44, 45, 46, 47, 48, 49, 50, 51, 52, 54, 55, 56, 57, 58, 60, 62, 63, 65, 68, 69, 70, 71, 72, 73, 74, 76, 77, 79, 80, 81, 83, 84, 85, 86, 87, 88, 89, 90, 91, 92, 93, 95, 96, 98, 101, 102]
r: 0.1 info: 1
s: [0, 2, 3, 5, 6, 7, 8, 9, 10, 11, 12, 15, 16, 17, 18, 19, 20, 21, 22, 24, 25, 26, 27, 29, 30, 31, 32, 34, 35, 36, 39, 40, 41, 42, 44, 45, 46, 47, 48, 49, 50, 51, 52, 54, 55, 56, 57, 58, 60, 62, 63, 65, 68, 69, 70, 71, 72, 73, 74, 76, 77, 79, 80, 81, 83, 84, 85, 86, 87, 88, 89, 90, 91, 92, 93, 95, 96, 98, 101, 102]
r: 0.1 info: 1
s: [0, 2, 3, 5, 6, 7, 8, 9, 10, 11, 12, 15, 16, 17, 18, 19, 20, 21, 22, 24, 25, 26, 27, 29, 30, 31, 32, 34, 35, 36, 39, 40, 41, 42, 44, 45, 46, 47, 48, 49, 50, 51, 52, 54, 55, 56, 57, 58, 60, 62, 63, 64, 65, 68, 69, 70, 71, 72, 73, 74, 76, 77, 79, 80, 81, 83, 84, 85, 86, 87, 88, 89, 90, 91, 92, 93, 95, 96, 98, 101, 102]
r: 0.1 info: 1
s: [0, 2, 3, 5, 6, 7, 8, 9, 10, 11, 12, 15, 16, 17, 18, 19, 20, 21, 22, 24, 25, 26, 27, 29, 30, 31, 32, 34, 35, 36, 39, 40, 41, 42, 44, 45, 46, 47, 48, 49, 50, 51, 52, 54, 55, 56, 57, 58, 60, 62, 63, 64, 65, 68, 69, 70, 71, 72, 73, 74, 76, 77, 79, 80, 81, 83, 84, 85, 86, 87, 88, 89, 90, 91, 92, 93, 95, 96, 98, 101, 102]
r: -0.1 info: -1
s: [0, 2, 3, 5, 6, 7, 8, 9, 10, 11, 12, 15, 16, 17, 18, 19, 20, 21, 22, 24, 25, 26, 27, 29, 30, 31, 32, 34, 35, 36, 39, 40, 41, 42, 44, 45, 46, 47, 48, 49, 50, 51, 52, 54, 55, 56, 57, 58, 60, 62, 63, 64, 65, 68, 69, 70, 71, 72, 73, 74, 76, 77, 79, 80, 81, 83, 84, 85, 86, 87, 88, 89, 90, 91, 92, 93, 95, 96, 98, 101, 102]
r: -0.1 info: -1
s: [0, 2, 3, 5, 6, 7, 8, 9, 10, 11, 12, 15, 16, 17, 18, 19, 20, 21, 22, 24, 25, 26, 27, 29, 30, 31, 32, 34, 35, 36, 39, 40, 41, 42, 44, 45, 46, 47, 48, 49, 50, 51, 52, 54, 55, 56, 57, 58, 60, 62, 63, 64, 65, 68, 69, 70, 71, 72, 73, 74, 76, 77, 79, 80, 81, 83, 84, 85, 86, 87, 88, 89, 90, 91, 92, 93, 95, 96, 98, 101, 102]
r: -0.1 info: -1
s: [0, 2, 3, 5, 6, 7, 8, 9, 10, 11, 12, 15, 16, 17, 18, 19, 20, 21, 22, 24, 25, 26, 27, 29, 30, 31, 32, 34, 35, 36, 39, 40, 41, 42, 44, 45, 46, 47, 48, 49, 50, 51, 52, 54, 55, 56, 57, 58, 60, 62, 63, 64, 65, 68, 69, 70, 71, 72, 73, 74, 76, 77, 79, 80, 81, 83, 84, 85, 86, 87, 88, 89, 90, 91, 92, 93, 95, 96, 98, 101, 102]
r: -0.1 info: -1
s: [0, 2, 3, 5, 6, 7, 8, 9, 10, 11, 12, 15, 16, 17, 18, 19, 20, 21, 22, 24, 25, 26, 27, 29, 30, 31, 32, 34, 35, 36, 39, 40, 41, 42, 44, 45, 46, 47, 48, 49, 50, 51, 52, 54, 55, 56, 57, 58, 60, 62, 63, 64, 65, 68, 69, 70, 71, 72, 73, 74, 76, 77, 79, 80, 81, 83, 84, 85, 86, 87, 88, 89, 90, 91, 92, 93, 95, 96, 98, 101, 102]
r: -0.1 info: -1
s: [0, 2, 3, 5, 6, 7, 8, 9, 10, 11, 12, 15, 16, 17, 18, 19, 20, 21, 22, 24, 25, 26, 27, 29, 30, 31, 32, 34, 35, 36, 39, 40, 41, 42, 44, 45, 46, 47, 48, 49, 50, 51, 52, 54, 55, 56, 57, 58, 60, 62, 63, 64, 65, 68, 69, 70, 71, 72, 73, 74, 76, 77, 79, 80, 81, 83, 84, 85, 86, 87, 88, 89, 90, 91, 92, 93, 95, 96, 98, 101, 102]
r: -0.1 info: -1
s: [0, 2, 3, 5, 6, 7, 8, 9, 10, 11, 12, 15, 16, 17, 18, 19, 20, 21, 22, 24, 25, 26, 27, 29, 30, 31, 32, 34, 35, 36, 39, 40, 41, 42, 44, 45, 46, 47, 48, 49, 50, 51, 52, 54, 55, 56, 57, 58, 60, 62, 63, 64, 65, 68, 69, 70, 71, 72, 73, 74, 76, 77, 79, 80, 81, 83, 84, 85, 86, 87, 88, 89, 90, 91, 92, 93, 95, 96, 98, 101, 102]
r: -0.1 info: -1
s: [0, 2, 3, 5, 6, 7, 8, 9, 10, 11, 12, 15, 16, 17, 18, 19, 20, 21, 22, 24, 25, 26, 27, 29, 30, 31, 32, 34, 35, 36, 39, 40, 41, 42, 44, 45, 46, 47, 48, 49, 50, 51, 52, 54, 55, 56, 57, 58, 60, 62, 63, 64, 65, 68, 69, 70, 71, 72, 73, 74, 76, 77, 79, 80, 81, 83, 84, 85, 86, 87, 88, 89, 90, 91, 92, 93, 95, 96, 98, 101, 102]
r: -0.1 info: -1
s: [0, 2, 3, 5, 6, 7, 8, 9, 10, 11, 12, 15, 16, 17, 18, 19, 20, 21, 22, 24, 25, 26, 27, 29, 30, 31, 32, 34, 35, 36, 39, 40, 41, 42, 44, 45, 46, 47, 48, 49, 50, 51, 52, 54, 55, 56, 57, 58, 60, 62, 63, 64, 65, 68, 69, 70, 71, 72, 73, 74, 76, 77, 79, 80, 81, 83, 84, 85, 86, 87, 88, 89, 90, 91, 92, 93, 95, 96, 98, 101, 102]
r: -0.1 info: -1
s: [0, 2, 3, 5, 6, 7, 8, 9, 10, 11, 12, 15, 16, 17, 18, 19, 20, 21, 22, 24, 25, 26, 27, 29, 30, 31, 32, 34, 35, 36, 37, 39, 40, 41, 42, 44, 45, 46, 47, 48, 49, 50, 51, 52, 54, 55, 56, 57, 58, 60, 62, 63, 64, 65, 68, 69, 70, 71, 72, 73, 74, 76, 77, 79, 80, 81, 83, 84, 85, 86, 87, 88, 89, 90, 91, 92, 93, 95, 96, 98, 101, 102]
r: 0.1 info: 1
s: [0, 2, 3, 5, 6, 7, 8, 9, 10, 11, 12, 15, 16, 17, 18, 19, 20, 21, 22, 24, 25, 26, 27, 29, 30, 31, 32, 34, 35, 36, 37, 39, 40, 41, 42, 44, 45, 46, 47, 48, 49, 50, 51, 52, 54, 55, 56, 57, 58, 60, 62, 63, 64, 65, 68, 69, 70, 71, 72, 73, 74, 76, 77, 79, 80, 81, 83, 84, 85, 86, 87, 88, 89, 90, 91, 92, 93, 95, 96, 98, 101, 102]
r: -0.1 info: -1
s: [0, 2, 3, 5, 6, 7, 8, 9, 10, 11, 12, 15, 16, 17, 18, 19, 20, 21, 22, 24, 25, 26, 27, 29, 30, 31, 32, 34, 35, 36, 37, 39, 40, 41, 42, 44, 45, 46, 47, 48, 49, 50, 51, 52, 54, 55, 56, 57, 58, 60, 62, 63, 64, 65, 68, 69, 70, 71, 72, 73, 74, 76, 77, 79, 80, 81, 83, 84, 85, 86, 87, 88, 89, 90, 91, 92, 93, 95, 96, 98, 101, 102]
r: -0.1 info: -1
s: [0, 2, 3, 5, 6, 7, 8, 9, 10, 11, 12, 15, 16, 17, 18, 19, 20, 21, 22, 24, 25, 26, 27, 29, 30, 31, 32, 34, 35, 36, 37, 39, 40, 41, 42, 44, 45, 46, 47, 48, 49, 50, 51, 52, 54, 55, 56, 57, 58, 60, 62, 63, 64, 65, 68, 69, 70, 71, 72, 73, 74, 76, 77, 79, 80, 81, 83, 84, 85, 86, 87, 88, 89, 90, 91, 92, 93, 95, 96, 98, 101, 102]
r: -0.1 info: -1
s: [0, 2, 3, 5, 6, 7, 8, 9, 10, 11, 12, 15, 16, 17, 18, 19, 20, 21, 22, 24, 25, 26, 27, 29, 30, 31, 32, 34, 35, 36, 37, 39, 40, 41, 42, 44, 45, 46, 47, 48, 49, 50, 51, 52, 54, 55, 56, 57, 58, 60, 62, 63, 64, 65, 68, 69, 70, 71, 72, 73, 74, 76, 77, 79, 80, 81, 83, 84, 85, 86, 87, 88, 89, 90, 91, 92, 93, 95, 96, 98, 101, 102]
r: -0.1 info: -1
s: [0, 2, 3, 5, 6, 7, 8, 9, 10, 11, 12, 15, 16, 17, 18, 19, 20, 21, 22, 24, 25, 26, 27, 29, 30, 31, 32, 34, 35, 36, 37, 39, 40, 41, 42, 44, 45, 46, 47, 48, 49, 50, 51, 52, 54, 55, 56, 57, 58, 60, 62, 63, 64, 65, 68, 69, 70, 71, 72, 73, 74, 76, 77, 79, 80, 81, 83, 84, 85, 86, 87, 88, 89, 90, 91, 92, 93, 95, 96, 98, 101, 102]
r: -0.1 info: -1
s: [0, 2, 3, 5, 6, 7, 8, 9, 10, 11, 12, 15, 16, 17, 18, 19, 20, 21, 22, 24, 25, 26, 27, 29, 30, 31, 32, 34, 35, 36, 37, 39, 40, 41, 42, 44, 45, 46, 47, 48, 49, 50, 51, 52, 54, 55, 56, 57, 58, 60, 62, 63, 64, 65, 68, 69, 70, 71, 72, 73, 74, 76, 77, 79, 80, 81, 83, 84, 85, 86, 87, 88, 89, 90, 91, 92, 93, 95, 96, 98, 101, 102]
r: -0.1 info: -1
s: [0, 2, 3, 5, 6, 7, 8, 9, 10, 11, 12, 15, 16, 17, 18, 19, 20, 21, 22, 24, 25, 26, 27, 29, 30, 31, 32, 34, 35, 36, 37, 39, 40, 41, 42, 44, 45, 46, 47, 48, 49, 50, 51, 52, 54, 55, 56, 57, 58, 60, 62, 63, 64, 65, 68, 69, 70, 71, 72, 73, 74, 76, 77, 79, 80, 81, 83, 84, 85, 86, 87, 88, 89, 90, 91, 92, 93, 95, 96, 98, 101, 102]
r: -0.1 info: -1
s: [0, 2, 3, 5, 6, 7, 8, 9, 10, 11, 12, 15, 16, 17, 18, 19, 20, 21, 22, 24, 25, 26, 27, 29, 30, 31, 32, 34, 35, 36, 37, 39, 40, 41, 42, 44, 45, 46, 47, 48, 49, 50, 51, 52, 54, 55, 56, 57, 58, 60, 62, 63, 64, 65, 68, 69, 70, 71, 72, 73, 74, 76, 77, 79, 80, 81, 83, 84, 85, 86, 87, 88, 89, 90, 91, 92, 93, 95, 96, 98, 101, 102]
r: -0.1 info: -1
s: [0, 2, 3, 5, 6, 7, 8, 9, 10, 11, 12, 15, 16, 17, 18, 19, 20, 21, 22, 24, 25, 26, 27, 29, 30, 31, 32, 34, 35, 36, 37, 39, 40, 41, 42, 44, 45, 46, 47, 48, 49, 50, 51, 52, 54, 55, 56, 57, 58, 60, 62, 63, 64, 65, 68, 69, 70, 71, 72, 73, 74, 76, 77, 79, 80, 81, 83, 84, 85, 86, 87, 88, 89, 90, 91, 92, 93, 95, 96, 98, 101, 102]
r: -0.1 info: -1
s: [0, 2, 3, 5, 6, 7, 8, 9, 10, 11, 12, 15, 16, 17, 18, 19, 20, 21, 22, 24, 25, 26, 27, 29, 30, 31, 32, 34, 35, 36, 37, 39, 40, 41, 42, 44, 45, 46, 47, 48, 49, 50, 51, 52, 54, 55, 56, 57, 58, 60, 62, 63, 64, 65, 68, 69, 70, 71, 72, 73, 74, 76, 77, 79, 80, 81, 83, 84, 85, 86, 87, 88, 89, 90, 91, 92, 93, 95, 96, 98, 101, 102]
r: -0.1 info: -1
s: [0, 2, 3, 5, 6, 7, 8, 9, 10, 11, 12, 15, 16, 17, 18, 19, 20, 21, 22, 24, 25, 26, 27, 29, 30, 31, 32, 34, 35, 36, 37, 39, 40, 41, 42, 44, 45, 46, 47, 48, 49, 50, 51, 52, 54, 55, 56, 57, 58, 60, 62, 63, 64, 65, 68, 69, 70, 71, 72, 73, 74, 76, 77, 79, 80, 81, 83, 84, 85, 86, 87, 88, 89, 90, 91, 92, 93, 95, 96, 98, 101, 102]
r: -0.1 info: -1
s: [0, 2, 3, 5, 6, 7, 8, 9, 10, 11, 12, 15, 16, 17, 18, 19, 20, 21, 22, 24, 25, 26, 27, 29, 30, 31, 32, 34, 35, 36, 37, 39, 40, 41, 42, 44, 45, 46, 47, 48, 49, 50, 51, 52, 54, 55, 56, 57, 58, 60, 62, 63, 64, 65, 68, 69, 70, 71, 72, 73, 74, 76, 77, 79, 80, 81, 83, 84, 85, 86, 87, 88, 89, 90, 91, 92, 93, 95, 96, 98, 101, 102]
r: -0.1 info: -1
s: [0, 2, 3, 5, 6, 7, 8, 9, 10, 11, 12, 15, 16, 17, 18, 19, 20, 21, 22, 24, 25, 26, 27, 29, 30, 31, 32, 34, 35, 36, 37, 39, 40, 41, 42, 44, 45, 46, 47, 48, 49, 50, 51, 52, 54, 55, 56, 57, 58, 60, 62, 63, 64, 65, 68, 69, 70, 71, 72, 73, 74, 76, 77, 79, 80, 81, 83, 84, 85, 86, 87, 88, 89, 90, 91, 92, 93, 95, 96, 98, 101, 102]
r: -0.1 info: -1
s: [0, 2, 3, 5, 6, 7, 8, 9, 10, 11, 12, 15, 16, 17, 18, 19, 20, 21, 22, 24, 25, 26, 27, 29, 30, 31, 32, 34, 35, 36, 37, 39, 40, 41, 42, 44, 45, 46, 47, 48, 49, 50, 51, 52, 54, 55, 56, 57, 58, 60, 62, 63, 64, 65, 68, 69, 70, 71, 72, 73, 74, 76, 77, 79, 80, 81, 83, 84, 85, 86, 87, 88, 89, 90, 91, 92, 93, 95, 96, 98, 101, 102]
r: -0.1 info: -1
s: [0, 2, 3, 5, 6, 7, 8, 9, 10, 11, 12, 15, 16, 17, 18, 19, 20, 21, 22, 24, 25, 26, 27, 29, 30, 31, 32, 34, 35, 36, 37, 39, 40, 41, 42, 44, 45, 46, 47, 48, 49, 50, 51, 52, 54, 55, 56, 57, 58, 60, 62, 63, 64, 65, 68, 69, 70, 71, 72, 73, 74, 76, 77, 79, 80, 81, 83, 84, 85, 86, 87, 88, 89, 90, 91, 92, 93, 95, 96, 98, 101, 102]
r: -0.1 info: -1
s: [0, 2, 3, 5, 6, 7, 8, 9, 10, 11, 12, 15, 16, 17, 18, 19, 20, 21, 22, 24, 25, 26, 27, 29, 30, 31, 32, 34, 35, 36, 37, 39, 40, 41, 42, 44, 45, 46, 47, 48, 49, 50, 51, 52, 54, 55, 56, 57, 58, 60, 62, 63, 64, 65, 68, 69, 70, 71, 72, 73, 74, 76, 77, 79, 80, 81, 83, 84, 85, 86, 87, 88, 89, 90, 91, 92, 93, 95, 96, 98, 101, 102]
r: -0.1 info: -1
s: [0, 2, 3, 5, 6, 7, 8, 9, 10, 11, 12, 15, 16, 17, 18, 19, 20, 21, 22, 24, 25, 26, 27, 29, 30, 31, 32, 34, 35, 36, 37, 39, 40, 41, 42, 44, 45, 46, 47, 48, 49, 50, 51, 52, 54, 55, 56, 57, 58, 60, 62, 63, 64, 65, 68, 69, 70, 71, 72, 73, 74, 76, 77, 79, 80, 81, 83, 84, 85, 86, 87, 88, 89, 90, 91, 92, 93, 95, 96, 98, 101, 102]
r: -0.24634851142764091 info: 0.44535576831549406
