s: [191]
r: 0.1 info: 1
s: [3, 191]
r: 0.1 info: 1
s: [3, 24, 191]
r: 0.1 info: 1
s: [3, 24, 119, 191]
r: 0.1 info: 1
s: [3, 24, 104, 119, 191]
r: 0.1 info: 1
s: [3, 24, 33, 104, 119, 191]
r: 0.1 info: 1
s: [3, 24, 33, 96, 104, 119, 191]
r: 0.1 info: 1
s: [3, 24, 33, 96, 104, 119, 191, 192]
r: 0.1 info: 1
s: [3, 24, 33, 96, 104, 119, 191, 192]
r: -0.1 info: -1
s: [3, 24, 33, 82, 96, 104, 119, 191, 192]
r: 0.1 info: 1
s: [1, 3, 24, 33, 82, 96, 104, 119, 191, 192]
r: 0.1 info: 1
s: [1, 3, 11, 24, 33, 82, 96, 104, 119, 191, 192]
r: 0.1 info: 1
s: [1, 3, 9, 11, 24, 33, 82, 96, 104, 119, 191, 192]
r: 0.1 info: 1
s: [0, 1, 3, 9, 11, 24, 33, 82, 96, 104, 119, 191, 192]
r: 0.1 info: 1
s: [0, 1, 3, 9, 11, 24, 33, 82, 96, 104, 106, 119, 191, 192]
r: 0.1 info: 1
s: [0, 1, 3, 9, 11, 24, 33, 82, 96, 104, 106, 119, 191, 192, 196]
r: 0.1 info: 1
s: [0, 1, 3, 9, 11, 24, 33, 82, 96, 104, 106, 119, 191, 192, 196]
r: 11.54905812072684 info: 0.49488226510584354
