s: [163]
r: 0.1 info: 1
s: [34, 163]
r: 0.1 info: 1
s: [34, 146, 163]
r: 0.1 info: 1
s: [34, 146, 156, 163]
r: 0.1 info: 1
s: [34, 146, 156, 163, 177]
r: 0.1 info: 1
s: [34, 146, 153, 156, 163, 177]
r: 0.1 info: 1
s: [34, 146, 151, 153, 156, 163, 177]
r: 0.1 info: 1
s: [34, 146, 151, 152, 153, 156, 163, 177]
r: 0.1 info: 1
s: [34, 146, 151, 152, 153, 156, 163, 177]
r: -0.1 info: -1
s: [0, 34, 146, 151, 152, 153, 156, 163, 177]
r: 0.1 info: 1
s: [0, 34, 128, 146, 151, 152, 153, 156, 163, 177]
r: 0.1 info: 1
s: [0, 34, 128, 146, 151, 152, 153, 156, 163, 177, 197]
r: 0.1 info: 1
s: [0, 34, 108, 128, 146, 151, 152, 153, 156, 163, 177, 197]
r: 0.1 info: 1
s: [0, 21, 34, 108, 128, 146, 151, 152, 153, 156, 163, 177, 197]
r: 0.1 info: 1
s: [0, 21, 34, 108, 128, 146, 151, 152, 153, 156, 163, 176, 177, 197]
r: 0.1 info: 1
s: [0, 21, 34, 71, 108, 128, 146, 151, 152, 153, 156, 163, 176, 177, 197]
r: 0.1 info: 1
s: [0, 21, 34, 71, 72, 108, 128, 146, 151, 152, 153, 156, 163, 176, 177, 197]
r: 0.1 info: 1
s: [0, 21, 34, 38, 71, 72, 108, 128, 146, 151, 152, 153, 156, 163, 176, 177, 197]
r: 0.1 info: 1
s: [0, 21, 34, 38, 71, 72, 86, 108, 128, 146, 151, 152, 153, 156, 163, 176, 177, 197]
r: 0.1 info: 1
s: [0, 21, 34, 38, 71, 72, 86, 108, 119, 128, 146, 151, 152, 153, 156, 163, 176, 177, 197]
r: 0.1 info: 1
s: [0, 21, 34, 38, 71, 72, 80, 86, 108, 119, 128, 146, 151, 152, 153, 156, 163, 176, 177, 197]
r: 0.1 info: 1
s: [0, 21, 34, 38, 71, 72, 80, 86, 108, 119, 128, 146, 151, 152, 153, 154, 156, 163, 176, 177, 197]
r: 0.1 info: 1
s: [0, 21, 34, 38, 71, 72, 80, 86, 108, 119, 128, 146, 151, 152, 153, 154, 156, 163, 176, 177, 195, 197]
r: 0.1 info: 1
s: [0, 21, 34, 38, 71, 72, 80, 86, 108, 119, 128, 146, 151, 152, 153, 154, 156, 163, 176, 177, 194, 195, 197]
r: 0.1 info: 1
s: [0, 21, 34, 38, 71, 72, 80, 86, 108, 119, 128, 146, 148, 151, 152, 153, 154, 156, 163, 176, 177, 194, 195, 197]
r: 0.1 info: 1
s: [0, 21, 34, 38, 62, 71, 72, 80, 86, 108, 119, 128, 146, 148, 151, 152, 153, 154, 156, 163, 176, 177, 194, 195, 197]
r: 0.1 info: 1
s: [0, 21, 34, 38, 62, 71, 72, 80, 86, 108, 119, 128, 146, 148, 151, 152, 153, 154, 156, 163, 176, 177, 194, 195, 197]
r: -0.1 info: -1
s: [0, 21, 34, 38, 62, 71, 72, 80, 86, 108, 119, 124, 128, 146, 148, 151, 152, 153, 154, 156, 163, 176, 177, 194, 195, 197]
r: 0.1 info: 1
s: [0, 21, 34, 38, 62, 71, 72, 80, 86, 108, 119, 124, 128, 146, 148, 151, 152, 153, 154, 156, 163, 165, 176, 177, 194, 195, 197]
r: 0.1 info: 1
s: [0, 21, 34, 38, 62, 71, 72, 80, 86, 108, 119, 124, 128, 146, 148, 151, 152, 153, 154, 156, 163, 165, 176, 177, 185, 194, 195, 197]
r: 0.1 info: 1
s: [0, 21, 34, 38, 62, 71, 72, 80, 86, 108, 119, 124, 128, 146, 148, 151, 152, 153, 154, 156, 163, 165, 176, 177, 185, 194, 195, 197]
r: -0.1 info: -1
s: [0, 21, 34, 38, 62, 71, 72, 80, 86, 108, 119, 124, 128, 146, 148, 151, 152, 153, 154, 156, 163, 165, 176, 177, 185, 194, 195, 197]
r: -0.1 info: -1
s: [0, 21, 34, 38, 62, 71, 72, 80, 86, 108, 119, 124, 128, 146, 148, 151, 152, 153, 154, 156, 163, 165, 176, 177, 185, 194, 195, 197, 198]
r: 0.1 info: 1
s: [0, 21, 34, 38, 62, 66, 71, 72, 80, 86, 108, 119, 124, 128, 146, 148, 151, 152, 153, 154, 156, 163, 165, 176, 177, 185, 194, 195, 197, 198]
r: 0.1 info: 1
s: [0, 21, 34, 38, 62, 66, 71, 72, 80, 86, 108, 119, 120, 124, 128, 146, 148, 151, 152, 153, 154, 156, 163, 165, 176, 177, 185, 194, 195, 197, 198]
r: 0.1 info: 1
s: [0, 21, 34, 38, 62, 66, 71, 72, 80, 86, 108, 119, 120, 124, 128, 146, 148, 151, 152, 153, 154, 156, 160, 163, 165, 176, 177, 185, 194, 195, 197, 198]
r: 0.1 info: 1
s: [0, 21, 34, 38, 62, 66, 71, 72, 80, 86, 108, 119, 120, 124, 128, 146, 148, 151, 152, 153, 154, 156, 160, 163, 165, 176, 177, 185, 194, 195, 197, 198]
r: 0.6667897023362457 info: 0.20527350118209142
