s: [174]
r: 0.0 info: 1
s: [107, 174]
r: 0.0 info: 1
s: [107, 137, 174]
r: 0.0 info: 1
s: [64, 107, 137, 174]
r: 0.0 info: 1
s: [64, 107, 137, 174, 188]
r: 0.0 info: 1
s: [64, 73, 107, 137, 174, 188]
r: 0.0 info: 1
s: [64, 73, 107, 137, 174, 188, 199]
r: 0.0 info: 1
s: [64, 73, 107, 137, 174, 188, 199]
r: -0.1 info: -1
s: [64, 73, 107, 137, 174, 188, 199]
r: -0.1 info: -1
s: [64, 73, 107, 137, 174, 188, 199]
r: -0.1 info: -1
s: [64, 73, 107, 137, 174, 188, 199]
r: -0.1 info: -1
s: [64, 73, 107, 110, 137, 174, 188, 199]
r: 0.0 info: 1
s: [64, 73, 83, 107, 110, 137, 174, 188, 199]
r: 0.0 info: 1
s: [64, 73, 83, 107, 110, 137, 174, 188, 199]
r: -0.1 info: -1
s: [64, 73, 83, 92, 107, 110, 137, 174, 188, 199]
r: 0.0 info: 1
s: [64, 73, 83, 92, 107, 110, 137, 174, 188, 199]
r: -0.1 info: -1
s: [64, 73, 83, 92, 107, 110, 127, 137, 174, 188, 199]
r: 0.0 info: 1
s: [64, 73, 83, 92, 107, 110, 127, 134, 137, 174, 188, 199]
r: 0.0 info: 1
s: [64, 73, 83, 92, 107, 110, 127, 134, 137, 174, 188, 199]
r: -0.1 info: -1
s: [64, 73, 75, 83, 92, 107, 110, 127, 134, 137, 174, 188, 199]
r: 0.0 info: 1
s: [64, 73, 75, 83, 92, 105, 107, 110, 127, 134, 137, 174, 188, 199]
r: 0.0 info: 1
s: [64, 73, 75, 83, 92, 105, 107, 110, 127, 134, 137, 174, 188, 199]
r: -0.1 info: -1
s: [53, 64, 73, 75, 83, 92, 105, 107, 110, 127, 134, 137, 174, 188, 199]
r: 0.0 info: 1
s: [53, 64, 73, 75, 83, 92, 105, 107, 110, 127, 134, 137, 174, 188, 199]
r: -0.1 info: -1
s: [36, 53, 64, 73, 75, 83, 92, 105, 107, 110, 127, 134, 137, 174, 188, 199]
r: 0.0 info: 1
s: [36, 53, 64, 73, 75, 83, 90, 92, 105, 107, 110, 127, 134, 137, 174, 188, 199]
r: 0.0 info: 1
s: [36, 53, 64, 73, 75, 83, 90, 92, 105, 107, 110, 127, 134, 137, 174, 188, 199]
r: -0.1 info: -1
s: [36, 53, 64, 73, 75, 83, 90, 92, 105, 107, 110, 127, 134, 137, 174, 183, 188, 199]
r: 0.0 info: 1
s: [36, 53, 64, 73, 75, 83, 90, 92, 105, 107, 110, 127, 134, 137, 174, 183, 188, 199]
r: -0.1 info: -1
s: [36, 53, 64, 73, 75, 83, 90, 92, 105, 107, 110, 127, 134, 137, 174, 183, 188, 199]
r: -0.1 info: -1
s: [36, 53, 64, 73, 75, 83, 90, 92, 105, 107, 110, 127, 134, 137, 143, 174, 183, 188, 199]
r: 0.0 info: 1
s: [36, 53, 64, 73, 75, 83, 90, 92, 105, 107, 110, 127, 134, 137, 143, 154, 174, 183, 188, 199]
r: 0.0 info: 1
s: [36, 45, 53, 64, 73, 75, 83, 90, 92, 105, 107, 110, 127, 134, 137, 143, 154, 174, 183, 188, 199]
r: 0.0 info: 1
s: [36, 39, 45, 53, 64, 73, 75, 83, 90, 92, 105, 107, 110, 127, 134, 137, 143, 154, 174, 183, 188, 199]
r: 0.0 info: 1
s: [36, 39, 45, 53, 64, 73, 75, 83, 90, 92, 105, 107, 110, 127, 134, 137, 143, 154, 174, 183, 188, 199]
r: -0.1 info: -1
s: [36, 39, 45, 53, 64, 73, 75, 83, 90, 92, 105, 107, 110, 127, 134, 136, 137, 143, 154, 174, 183, 188, 199]
r: 0.0 info: 1
s: [36, 39, 45, 53, 64, 73, 75, 83, 90, 92, 105, 107, 110, 127, 134, 136, 137, 143, 154, 174, 183, 188, 190, 199]
r: 0.0 info: 1
s: [36, 39, 45, 53, 64, 73, 75, 83, 90, 92, 105, 107, 110, 127, 134, 136, 137, 143, 154, 157, 174, 183, 188, 190, 199]
r: 0.0 info: 1
s: [36, 39, 45, 53, 64, 73, 75, 83, 90, 92, 105, 107, 110, 127, 134, 136, 137, 143, 154, 157, 174, 183, 188, 189, 190, 199]
r: 0.0 info: 1
s: [36, 39, 45, 53, 64, 73, 75, 83, 90, 92, 105, 107, 110, 127, 134, 136, 137, 143, 154, 157, 162, 174, 183, 188, 189, 190, 199]
r: 0.0 info: 1
s: [36, 39, 45, 53, 64, 73, 75, 83, 90, 92, 105, 107, 110, 117, 127, 134, 136, 137, 143, 154, 157, 162, 174, 183, 188, 189, 190, 199]
r: 0.0 info: 1
s: [36, 39, 45, 53, 64, 73, 75, 83, 90, 92, 105, 107, 110, 117, 127, 134, 136, 137, 143, 154, 157, 162, 174, 183, 188, 189, 190, 193, 199]
r: 0.0 info: 1
s: [36, 39, 45, 53, 64, 68, 73, 75, 83, 90, 92, 105, 107, 110, 117, 127, 134, 136, 137, 143, 154, 157, 162, 174, 183, 188, 189, 190, 193, 199]
r: 0.0 info: 1
s: [31, 36, 39, 45, 53, 64, 68, 73, 75, 83, 90, 92, 105, 107, 110, 117, 127, 134, 136, 137, 143, 154, 157, 162, 174, 183, 188, 189, 190, 193, 199]
r: 0.0 info: 1
s: [5, 31, 36, 39, 45, 53, 64, 68, 73, 75, 83, 90, 92, 105, 107, 110, 117, 127, 134, 136, 137, 143, 154, 157, 162, 174, 183, 188, 189, 190, 193, 199]
r: 0.0 info: 1
s: [5, 31, 36, 39, 45, 53, 64, 68, 73, 75, 83, 90, 92, 105, 107, 110, 117, 127, 134, 136, 137, 143, 154, 157, 162, 174, 183, 188, 189, 190, 193, 199]
r: -0.1 info: -1
s: [5, 31, 36, 39, 45, 53, 64, 68, 73, 75, 83, 90, 91, 92, 105, 107, 110, 117, 127, 134, 136, 137, 143, 154, 157, 162, 174, 183, 188, 189, 190, 193, 199]
r: 0.0 info: 1
s: [5, 31, 36, 39, 45, 53, 64, 68, 73, 75, 83, 90, 91, 92, 105, 107, 110, 117, 127, 134, 136, 137, 143, 154, 157, 162, 174, 180, 183, 188, 189, 190, 193, 199]
r: 0.0 info: 1
s: [5, 31, 36, 39, 45, 53, 64, 68, 73, 75, 83, 90, 91, 92, 105, 107, 110, 117, 127, 134, 136, 137, 143, 154, 157, 162, 174, 180, 183, 188, 189, 190, 193, 199]
r: -0.1 info: -1
s: [5, 31, 36, 39, 45, 53, 64, 68, 73, 75, 83, 90, 91, 92, 103, 105, 107, 110, 117, 127, 134, 136, 137, 143, 154, 157, 162, 174, 180, 183, 188, 189, 190, 193, 199]
r: 0.0 info: 1
s: [5, 31, 36, 39, 45, 53, 64, 68, 73, 75, 83, 90, 91, 92, 99, 103, 105, 107, 110, 117, 127, 134, 136, 137, 143, 154, 157, 162, 174, 180, 183, 188, 189, 190, 193, 199]
r: 0.0 info: 1
s: [5, 31, 36, 39, 45, 53, 64, 68, 73, 75, 83, 90, 91, 92, 99, 103, 105, 107, 110, 117, 127, 131, 134, 136, 137, 143, 154, 157, 162, 174, 180, 183, 188, 189, 190, 193, 199]
r: 0.0 info: 1
s: [5, 31, 36, 39, 45, 53, 64, 68, 73, 75, 83, 90, 91, 92, 99, 103, 105, 107, 110, 117, 127, 131, 134, 136, 137, 143, 154, 157, 162, 174, 180, 183, 188, 189, 190, 192, 193, 199]
r: 0.0 info: 1
s: [5, 30, 31, 36, 39, 45, 53, 64, 68, 73, 75, 83, 90, 91, 92, 99, 103, 105, 107, 110, 117, 127, 131, 134, 136, 137, 143, 154, 157, 162, 174, 180, 183, 188, 189, 190, 192, 193, 199]
r: 0.0 info: 1
s: [5, 30, 31, 36, 39, 45, 53, 64, 68, 73, 75, 83, 90, 91, 92, 99, 103, 105, 107, 110, 117, 127, 131, 134, 136, 137, 139, 143, 154, 157, 162, 174, 180, 183, 188, 189, 190, 192, 193, 199]
r: 0.0 info: 1
s: [5, 30, 31, 36, 39, 45, 53, 64, 68, 73, 75, 83, 90, 91, 92, 99, 103, 105, 107, 110, 117, 127, 131, 134, 136, 137, 139, 143, 154, 157, 162, 174, 180, 183, 185, 188, 189, 190, 192, 193, 199]
r: 0.0 info: 1
s: [5, 30, 31, 36, 39, 45, 53, 64, 65, 68, 73, 75, 83, 90, 91, 92, 99, 103, 105, 107, 110, 117, 127, 131, 134, 136, 137, 139, 143, 154, 157, 162, 174, 180, 183, 185, 188, 189, 190, 192, 193, 199]
r: 0.0 info: 1
s: [5, 30, 31, 36, 39, 45, 53, 64, 65, 68, 73, 75, 83, 90, 91, 92, 99, 103, 105, 107, 110, 117, 127, 131, 134, 136, 137, 139, 143, 154, 157, 162, 172, 174, 180, 183, 185, 188, 189, 190, 192, 193, 199]
r: 0.0 info: 1
s: [5, 30, 31, 36, 39, 45, 53, 64, 65, 68, 73, 75, 83, 90, 91, 92, 99, 103, 105, 107, 110, 117, 127, 131, 134, 136, 137, 139, 143, 154, 157, 162, 169, 172, 174, 180, 183, 185, 188, 189, 190, 192, 193, 199]
r: 0.0 info: 1
s: [5, 30, 31, 36, 39, 45, 53, 64, 65, 68, 73, 75, 83, 90, 91, 92, 99, 103, 105, 107, 110, 116, 117, 127, 131, 134, 136, 137, 139, 143, 154, 157, 162, 169, 172, 174, 180, 183, 185, 188, 189, 190, 192, 193, 199]
r: 0.0 info: 1
s: [5, 30, 31, 36, 39, 45, 53, 64, 65, 68, 73, 75, 83, 90, 91, 92, 99, 103, 105, 107, 108, 110, 116, 117, 127, 131, 134, 136, 137, 139, 143, 154, 157, 162, 169, 172, 174, 180, 183, 185, 188, 189, 190, 192, 193, 199]
r: 0.0 info: 1
s: [5, 30, 31, 36, 39, 45, 53, 64, 65, 68, 73, 75, 83, 89, 90, 91, 92, 99, 103, 105, 107, 108, 110, 116, 117, 127, 131, 134, 136, 137, 139, 143, 154, 157, 162, 169, 172, 174, 180, 183, 185, 188, 189, 190, 192, 193, 199]
r: 0.0 info: 1
s: [5, 30, 31, 36, 39, 45, 53, 64, 65, 68, 73, 75, 83, 89, 90, 91, 92, 99, 101, 103, 105, 107, 108, 110, 116, 117, 127, 131, 134, 136, 137, 139, 143, 154, 157, 162, 169, 172, 174, 180, 183, 185, 188, 189, 190, 192, 193, 199]
r: 0.0 info: 1
s: [5, 26, 30, 31, 36, 39, 45, 53, 64, 65, 68, 73, 75, 83, 89, 90, 91, 92, 99, 101, 103, 105, 107, 108, 110, 116, 117, 127, 131, 134, 136, 137, 139, 143, 154, 157, 162, 169, 172, 174, 180, 183, 185, 188, 189, 190, 192, 193, 199]
r: 0.0 info: 1
s: [5, 26, 30, 31, 36, 39, 45, 53, 64, 65, 68, 73, 75, 83, 89, 90, 91, 92, 99, 101, 103, 105, 107, 108, 110, 116, 117, 120, 127, 131, 134, 136, 137, 139, 143, 154, 157, 162, 169, 172, 174, 180, 183, 185, 188, 189, 190, 192, 193, 199]
r: 0.0 info: 1
s: [5, 9, 26, 30, 31, 36, 39, 45, 53, 64, 65, 68, 73, 75, 83, 89, 90, 91, 92, 99, 101, 103, 105, 107, 108, 110, 116, 117, 120, 127, 131, 134, 136, 137, 139, 143, 154, 157, 162, 169, 172, 174, 180, 183, 185, 188, 189, 190, 192, 193, 199]
r: 0.0 info: 1
s: [5, 9, 26, 30, 31, 36, 39, 45, 53, 64, 65, 68, 73, 75, 83, 89, 90, 91, 92, 99, 101, 103, 105, 107, 108, 110, 114, 116, 117, 120, 127, 131, 134, 136, 137, 139, 143, 154, 157, 162, 169, 172, 174, 180, 183, 185, 188, 189, 190, 192, 193, 199]
r: 0.0 info: 1
s: [5, 9, 26, 30, 31, 36, 39, 45, 53, 64, 65, 68, 73, 75, 83, 89, 90, 91, 92, 99, 101, 103, 105, 107, 108, 110, 114, 116, 117, 120, 127, 131, 134, 136, 137, 139, 143, 149, 154, 157, 162, 169, 172, 174, 180, 183, 185, 188, 189, 190, 192, 193, 199]
r: 0.0 info: 1
s: [5, 9, 26, 30, 31, 36, 39, 45, 53, 64, 65, 68, 73, 75, 83, 89, 90, 91, 92, 99, 101, 103, 105, 107, 108, 110, 114, 116, 117, 120, 127, 131, 134, 136, 137, 139, 143, 149, 154, 157, 162, 169, 172, 174, 176, 180, 183, 185, 188, 189, 190, 192, 193, 199]
r: 0.0 info: 1
s: [5, 9, 26, 30, 31, 36, 39, 45, 53, 64, 65, 68, 73, 75, 83, 89, 90, 91, 92, 99, 101, 103, 105, 107, 108, 110, 114, 116, 117, 120, 127, 131, 134, 136, 137, 139, 143, 149, 154, 157, 162, 169, 172, 174, 176, 180, 183, 185, 188, 189, 190, 192, 193, 195, 199]
r: 0.0 info: 1
s: [5, 9, 26, 30, 31, 36, 39, 45, 53, 64, 65, 68, 73, 75, 83, 89, 90, 91, 92, 99, 101, 103, 105, 107, 108, 110, 114, 116, 117, 120, 127, 131, 134, 136, 137, 139, 143, 144, 149, 154, 157, 162, 169, 172, 174, 176, 180, 183, 185, 188, 189, 190, 192, 193, 195, 199]
r: 0.0 info: 1
s: [5, 9, 17, 26, 30, 31, 36, 39, 45, 53, 64, 65, 68, 73, 75, 83, 89, 90, 91, 92, 99, 101, 103, 105, 107, 108, 110, 114, 116, 117, 120, 127, 131, 134, 136, 137, 139, 143, 144, 149, 154, 157, 162, 169, 172, 174, 176, 180, 183, 185, 188, 189, 190, 192, 193, 195, 199]
r: 0.0 info: 1
s: [5, 9, 17, 26, 30, 31, 36, 39, 45, 53, 64, 65, 68, 73, 75, 83, 89, 90, 91, 92, 99, 101, 103, 105, 107, 108, 110, 114, 116, 117, 120, 127, 131, 134, 136, 137, 139, 142, 143, 144, 149, 154, 157, 162, 169, 172, 174, 176, 180, 183, 185, 188, 189, 190, 192, 193, 195, 199]
r: 0.0 info: 1
s: [5, 9, 17, 26, 30, 31, 36, 39, 45, 53, 64, 65, 68, 73, 75, 83, 89, 90, 91, 92, 99, 101, 103, 105, 107, 108, 110, 114, 116, 117, 120, 123, 127, 131, 134, 136, 137, 139, 142, 143, 144, 149, 154, 157, 162, 169, 172, 174, 176, 180, 183, 185, 188, 189, 190, 192, 193, 195, 199]
r: 0.0 info: 1
s: [5, 9, 17, 26, 30, 31, 36, 39, 45, 53, 64, 65, 68, 73, 75, 83, 89, 90, 91, 92, 99, 101, 103, 105, 107, 108, 110, 111, 114, 116, 117, 120, 123, 127, 131, 134, 136, 137, 139, 142, 143, 144, 149, 154, 157, 162, 169, 172, 174, 176, 180, 183, 185, 188, 189, 190, 192, 193, 195, 199]
r: 0.0 info: 1
s: [5, 9, 17, 22, 26, 30, 31, 36, 39, 45, 53, 64, 65, 68, 73, 75, 83, 89, 90, 91, 92, 99, 101, 103, 105, 107, 108, 110, 111, 114, 116, 117, 120, 123, 127, 131, 134, 136, 137, 139, 142, 143, 144, 149, 154, 157, 162, 169, 172, 174, 176, 180, 183, 185, 188, 189, 190, 192, 193, 195, 199]
r: 0.0 info: 1
s: [5, 9, 17, 22, 26, 30, 31, 36, 39, 45, 53, 64, 65, 68, 73, 75, 83, 89, 90, 91, 92, 99, 101, 103, 105, 107, 108, 110, 111, 114, 116, 117, 120, 123, 127, 131, 134, 136, 137, 139, 142, 143, 144, 149, 154, 157, 162, 169, 170, 172, 174, 176, 180, 183, 185, 188, 189, 190, 192, 193, 195, 199]
r: 0.0 info: 1
s: [5, 9, 17, 22, 26, 30, 31, 36, 39, 45, 53, 64, 65, 68, 73, 75, 76, 83, 89, 90, 91, 92, 99, 101, 103, 105, 107, 108, 110, 111, 114, 116, 117, 120, 123, 127, 131, 134, 136, 137, 139, 142, 143, 144, 149, 154, 157, 162, 169, 170, 172, 174, 176, 180, 183, 185, 188, 189, 190, 192, 193, 195, 199]
r: 0.0 info: 1
s: [5, 9, 17, 22, 26, 30, 31, 36, 39, 45, 53, 64, 65, 68, 73, 75, 76, 83, 89, 90, 91, 92, 99, 101, 103, 105, 107, 108, 110, 111, 114, 116, 117, 120, 123, 127, 131, 134, 136, 137, 139, 142, 143, 144, 149, 154, 157, 162, 169, 170, 172, 174, 176, 180, 183, 185, 188, 189, 190, 192, 193, 195, 199]
r: -0.1 info: -1
s: [5, 9, 17, 22, 26, 30, 31, 36, 39, 45, 53, 64, 65, 68, 73, 75, 76, 83, 89, 90, 91, 92, 99, 101, 103, 105, 107, 108, 110, 111, 114, 116, 117, 120, 123, 127, 131, 134, 136, 137, 139, 142, 143, 144, 149, 154, 157, 162, 167, 169, 170, 172, 174, 176, 180, 183, 185, 188, 189, 190, 192, 193, 195, 199]
r: 0.0 info: 1
s: [5, 9, 17, 22, 26, 30, 31, 34, 36, 39, 45, 53, 64, 65, 68, 73, 75, 76, 83, 89, 90, 91, 92, 99, 101, 103, 105, 107, 108, 110, 111, 114, 116, 117, 120, 123, 127, 131, 134, 136, 137, 139, 142, 143, 144, 149, 154, 157, 162, 167, 169, 170, 172, 174, 176, 180, 183, 185, 188, 189, 190, 192, 193, 195, 199]
r: 0.0 info: 1
s: [5, 9, 17, 22, 26, 30, 31, 34, 36, 39, 45, 53, 64, 65, 68, 73, 75, 76, 83, 89, 90, 91, 92, 99, 101, 103, 105, 107, 108, 110, 111, 114, 116, 117, 120, 123, 127, 131, 134, 136, 137, 139, 142, 143, 144, 149, 154, 157, 162, 167, 169, 170, 172, 174, 176, 180, 183, 185, 188, 189, 190, 192, 193, 195, 199]
r: -0.1 info: -1
s: [5, 9, 17, 22, 26, 30, 31, 34, 36, 39, 45, 53, 64, 65, 68, 73, 75, 76, 83, 89, 90, 91, 92, 99, 101, 103, 105, 107, 108, 110, 111, 114, 116, 117, 120, 123, 127, 131, 134, 136, 137, 139, 142, 143, 144, 149, 154, 157, 162, 167, 169, 170, 172, 174, 176, 180, 183, 185, 188, 189, 190, 192, 193, 195, 199]
r: -0.1 info: -1
s: [5, 9, 17, 22, 26, 30, 31, 34, 36, 39, 45, 53, 64, 65, 68, 73, 75, 76, 83, 89, 90, 91, 92, 99, 101, 103, 105, 107, 108, 110, 111, 114, 116, 117, 120, 123, 127, 131, 134, 136, 137, 139, 142, 143, 144, 149, 154, 157, 161, 162, 167, 169, 170, 172, 174, 176, 180, 183, 185, 188, 189, 190, 192, 193, 195, 199]
r: 0.0 info: 1
s: [5, 9, 17, 22, 26, 30, 31, 34, 36, 39, 45, 53, 64, 65, 68, 73, 75, 76, 83, 89, 90, 91, 92, 99, 101, 103, 105, 107, 108, 110, 111, 114, 116, 117, 120, 123, 127, 131, 134, 136, 137, 139, 142, 143, 144, 149, 154, 157, 161, 162, 167, 169, 170, 172, 174, 176, 180, 183, 185, 188, 189, 190, 192, 193, 195, 196, 199]
r: 0.0 info: 1
s: [5, 9, 17, 22, 26, 30, 31, 34, 36, 39, 45, 53, 64, 65, 68, 73, 75, 76, 83, 89, 90, 91, 92, 99, 101, 103, 105, 107, 108, 110, 111, 114, 116, 117, 120, 123, 127, 131, 134, 136, 137, 139, 142, 143, 144, 149, 154, 157, 161, 162, 167, 169, 170, 172, 174, 176, 180, 183, 185, 188, 189, 190, 192, 193, 195, 196, 199]
r: -0.1 info: -1
s: [5, 9, 17, 22, 26, 30, 31, 34, 36, 39, 45, 53, 64, 65, 68, 73, 75, 76, 83, 89, 90, 91, 92, 99, 101, 103, 105, 107, 108, 110, 111, 114, 116, 117, 120, 123, 127, 131, 134, 136, 137, 139, 142, 143, 144, 149, 154, 157, 161, 162, 167, 169, 170, 172, 174, 176, 180, 183, 185, 188, 189, 190, 192, 193, 195, 196, 199]
r: -0.1 info: -1
s: [5, 9, 17, 22, 26, 30, 31, 34, 36, 39, 45, 53, 64, 65, 68, 73, 75, 76, 83, 89, 90, 91, 92, 99, 101, 103, 105, 107, 108, 110, 111, 114, 116, 117, 120, 123, 125, 127, 131, 134, 136, 137, 139, 142, 143, 144, 149, 154, 157, 161, 162, 167, 169, 170, 172, 174, 176, 180, 183, 185, 188, 189, 190, 192, 193, 195, 196, 199]
r: 0.0 info: 1
s: [5, 9, 17, 22, 26, 30, 31, 34, 36, 39, 45, 53, 64, 65, 68, 73, 75, 76, 83, 89, 90, 91, 92, 99, 101, 103, 105, 107, 108, 110, 111, 114, 116, 117, 120, 123, 125, 127, 131, 134, 136, 137, 139, 142, 143, 144, 149, 154, 157, 161, 162, 167, 169, 170, 172, 174, 176, 180, 183, 185, 188, 189, 190, 192, 193, 195, 196, 199]
r: -0.1 info: -1
s: [5, 9, 17, 22, 26, 30, 31, 34, 36, 39, 45, 53, 64, 65, 68, 73, 75, 76, 83, 89, 90, 91, 92, 99, 101, 103, 105, 107, 108, 110, 111, 114, 116, 117, 120, 123, 125, 127, 131, 134, 136, 137, 139, 142, 143, 144, 149, 154, 157, 161, 162, 167, 169, 170, 172, 174, 176, 180, 183, 185, 188, 189, 190, 192, 193, 195, 196, 199]
r: -0.1 info: -1
s: [5, 9, 17, 22, 26, 30, 31, 34, 36, 39, 45, 53, 64, 65, 68, 73, 75, 76, 83, 89, 90, 91, 92, 99, 101, 103, 105, 107, 108, 110, 111, 114, 116, 117, 120, 123, 125, 127, 131, 134, 136, 137, 139, 142, 143, 144, 147, 149, 154, 157, 161, 162, 167, 169, 170, 172, 174, 176, 180, 183, 185, 188, 189, 190, 192, 193, 195, 196, 199]
r: 0.0 info: 1
s: [5, 9, 17, 22, 26, 30, 31, 34, 36, 39, 45, 53, 64, 65, 68, 73, 75, 76, 83, 89, 90, 91, 92, 99, 101, 103, 105, 107, 108, 110, 111, 114, 116, 117, 120, 123, 125, 127, 131, 134, 136, 137, 139, 142, 143, 144, 147, 149, 154, 157, 161, 162, 167, 169, 170, 172, 174, 176, 180, 183, 185, 188, 189, 190, 192, 193, 194, 195, 196, 199]
r: 0.0 info: 1
s: [5, 9, 17, 22, 26, 30, 31, 34, 36, 39, 45, 53, 64, 65, 68, 73, 75, 76, 83, 89, 90, 91, 92, 99, 101, 103, 105, 107, 108, 110, 111, 114, 116, 117, 120, 123, 125, 127, 131, 134, 136, 137, 139, 142, 143, 144, 147, 149, 154, 157, 161, 162, 167, 169, 170, 172, 174, 176, 180, 183, 185, 188, 189, 190, 192, 193, 194, 195, 196, 199]
r: -0.1 info: -1
s: [5, 9, 17, 22, 26, 30, 31, 34, 36, 39, 45, 53, 64, 65, 68, 71, 73, 75, 76, 83, 89, 90, 91, 92, 99, 101, 103, 105, 107, 108, 110, 111, 114, 116, 117, 120, 123, 125, 127, 131, 134, 136, 137, 139, 142, 143, 144, 147, 149, 154, 157, 161, 162, 167, 169, 170, 172, 174, 176, 180, 183, 185, 188, 189, 190, 192, 193, 194, 195, 196, 199]
r: 0.0 info: 1
s: [5, 9, 17, 22, 26, 30, 31, 34, 36, 39, 44, 45, 53, 64, 65, 68, 71, 73, 75, 76, 83, 89, 90, 91, 92, 99, 101, 103, 105, 107, 108, 110, 111, 114, 116, 117, 120, 123, 125, 127, 131, 134, 136, 137, 139, 142, 143, 144, 147, 149, 154, 157, 161, 162, 167, 169, 170, 172, 174, 176, 180, 183, 185, 188, 189, 190, 192, 193, 194, 195, 196, 199]
r: 0.0 info: 1
s: [5, 9, 17, 22, 26, 30, 31, 34, 36, 39, 44, 45, 53, 64, 65, 68, 71, 73, 75, 76, 83, 89, 90, 91, 92, 99, 101, 103, 105, 107, 108, 110, 111, 114, 116, 117, 120, 123, 125, 127, 131, 134, 136, 137, 139, 142, 143, 144, 147, 149, 154, 157, 161, 162, 165, 167, 169, 170, 172, 174, 176, 180, 183, 185, 188, 189, 190, 192, 193, 194, 195, 196, 199]
r: 0.0 info: 1
s: [5, 9, 17, 22, 26, 30, 31, 34, 36, 39, 44, 45, 53, 64, 65, 68, 71, 73, 75, 76, 83, 89, 90, 91, 92, 99, 101, 103, 105, 107, 108, 110, 111, 114, 116, 117, 120, 123, 125, 127, 131, 134, 136, 137, 139, 142, 143, 144, 147, 149, 152, 154, 157, 161, 162, 165, 167, 169, 170, 172, 174, 176, 180, 183, 185, 188, 189, 190, 192, 193, 194, 195, 196, 199]
r: 0.0 info: 1
s: [5, 9, 17, 22, 26, 30, 31, 34, 36, 39, 44, 45, 53, 64, 65, 68, 71, 73, 75, 76, 83, 89, 90, 91, 92, 99, 100, 101, 103, 105, 107, 108, 110, 111, 114, 116, 117, 120, 123, 125, 127, 131, 134, 136, 137, 139, 142, 143, 144, 147, 149, 152, 154, 157, 161, 162, 165, 167, 169, 170, 172, 174, 176, 180, 183, 185, 188, 189, 190, 192, 193, 194, 195, 196, 199]
r: 0.0 info: 1
s: [5, 9, 17, 22, 26, 30, 31, 34, 36, 39, 44, 45, 53, 64, 65, 68, 71, 73, 75, 76, 83, 89, 90, 91, 92, 99, 100, 101, 103, 105, 107, 108, 110, 111, 114, 116, 117, 120, 123, 125, 127, 131, 134, 136, 137, 139, 142, 143, 144, 147, 149, 152, 154, 157, 161, 162, 165, 167, 169, 170, 172, 174, 176, 180, 183, 185, 188, 189, 190, 192, 193, 194, 195, 196, 199]
r: -0.1 info: -1
s: [5, 9, 17, 22, 26, 30, 31, 34, 36, 39, 44, 45, 53, 64, 65, 68, 71, 73, 75, 76, 83, 89, 90, 91, 92, 99, 100, 101, 103, 105, 107, 108, 110, 111, 114, 116, 117, 120, 123, 125, 127, 131, 134, 136, 137, 139, 142, 143, 144, 147, 149, 152, 154, 157, 161, 162, 165, 167, 169, 170, 172, 174, 176, 180, 183, 185, 188, 189, 190, 192, 193, 194, 195, 196, 199]
r: -0.1 info: -1
s: [5, 9, 17, 22, 26, 30, 31, 34, 36, 39, 44, 45, 53, 64, 65, 68, 71, 73, 75, 76, 83, 89, 90, 91, 92, 99, 100, 101, 103, 105, 107, 108, 110, 111, 114, 116, 117, 120, 123, 125, 127, 131, 134, 136, 137, 139, 142, 143, 144, 147, 149, 152, 154, 157, 161, 162, 165, 167, 169, 170, 172, 174, 176, 180, 183, 185, 188, 189, 190, 192, 193, 194, 195, 196, 199]
r: -0.1 info: -1
s: [5, 9, 17, 22, 26, 30, 31, 34, 36, 39, 40, 44, 45, 53, 64, 65, 68, 71, 73, 75, 76, 83, 89, 90, 91, 92, 99, 100, 101, 103, 105, 107, 108, 110, 111, 114, 116, 117, 120, 123, 125, 127, 131, 134, 136, 137, 139, 142, 143, 144, 147, 149, 152, 154, 157, 161, 162, 165, 167, 169, 170, 172, 174, 176, 180, 183, 185, 188, 189, 190, 192, 193, 194, 195, 196, 199]
r: 0.0 info: 1
s: [5, 9, 17, 22, 26, 30, 31, 34, 36, 39, 40, 44, 45, 53, 64, 65, 68, 71, 73, 75, 76, 83, 89, 90, 91, 92, 99, 100, 101, 103, 105, 107, 108, 110, 111, 114, 116, 117, 120, 123, 125, 127, 131, 134, 136, 137, 139, 142, 143, 144, 147, 149, 152, 154, 157, 161, 162, 165, 167, 169, 170, 172, 174, 176, 180, 183, 185, 188, 189, 190, 192, 193, 194, 195, 196, 199]
r: -0.1 info: -1
s: [5, 9, 17, 22, 26, 30, 31, 34, 36, 39, 40, 44, 45, 53, 64, 65, 68, 71, 73, 75, 76, 83, 89, 90, 91, 92, 99, 100, 101, 103, 105, 107, 108, 110, 111, 114, 116, 117, 120, 123, 125, 127, 131, 134, 136, 137, 139, 142, 143, 144, 147, 149, 152, 154, 157, 161, 162, 165, 167, 169, 170, 172, 174, 176, 180, 183, 185, 188, 189, 190, 192, 193, 194, 195, 196, 199]
r: -0.1 info: -1
s: [5, 9, 17, 22, 26, 30, 31, 34, 36, 39, 40, 44, 45, 53, 64, 65, 68, 71, 73, 75, 76, 83, 89, 90, 91, 92, 99, 100, 101, 103, 105, 107, 108, 110, 111, 114, 116, 117, 120, 123, 125, 127, 131, 134, 136, 137, 139, 142, 143, 144, 147, 149, 152, 154, 157, 161, 162, 165, 167, 169, 170, 172, 174, 176, 180, 183, 185, 188, 189, 190, 192, 193, 194, 195, 196, 199]
r: -0.1 info: -1
s: [2, 5, 9, 17, 22, 26, 30, 31, 34, 36, 39, 40, 44, 45, 53, 64, 65, 68, 71, 73, 75, 76, 83, 89, 90, 91, 92, 99, 100, 101, 103, 105, 107, 108, 110, 111, 114, 116, 117, 120, 123, 125, 127, 131, 134, 136, 137, 139, 142, 143, 144, 147, 149, 152, 154, 157, 161, 162, 165, 167, 169, 170, 172, 174, 176, 180, 183, 185, 188, 189, 190, 192, 193, 194, 195, 196, 199]
r: 0.0 info: 1
s: [2, 5, 9, 17, 22, 26, 30, 31, 34, 36, 39, 40, 44, 45, 53, 64, 65, 68, 71, 73, 75, 76, 82, 83, 89, 90, 91, 92, 99, 100, 101, 103, 105, 107, 108, 110, 111, 114, 116, 117, 120, 123, 125, 127, 131, 134, 136, 137, 139, 142, 143, 144, 147, 149, 152, 154, 157, 161, 162, 165, 167, 169, 170, 172, 174, 176, 180, 183, 185, 188, 189, 190, 192, 193, 194, 195, 196, 199]
r: 0.0 info: 1
s: [2, 5, 9, 17, 22, 26, 30, 31, 34, 36, 39, 40, 44, 45, 53, 64, 65, 68, 71, 73, 75, 76, 82, 83, 89, 90, 91, 92, 99, 100, 101, 103, 105, 107, 108, 110, 111, 114, 116, 117, 120, 123, 125, 127, 131, 134, 136, 137, 139, 142, 143, 144, 147, 149, 152, 154, 157, 161, 162, 165, 167, 169, 170, 172, 174, 176, 180, 181, 183, 185, 188, 189, 190, 192, 193, 194, 195, 196, 199]
r: 0.0 info: 1
s: [2, 5, 9, 17, 22, 26, 30, 31, 34, 36, 39, 40, 44, 45, 53, 64, 65, 68, 71, 73, 75, 76, 82, 83, 89, 90, 91, 92, 99, 100, 101, 103, 105, 107, 108, 110, 111, 114, 116, 117, 120, 123, 125, 127, 131, 134, 136, 137, 139, 142, 143, 144, 147, 149, 152, 154, 157, 161, 162, 165, 167, 169, 170, 172, 174, 176, 180, 181, 183, 185, 188, 189, 190, 192, 193, 194, 195, 196, 199]
r: -0.1 info: -1
s: [2, 5, 9, 17, 22, 26, 30, 31, 34, 36, 39, 40, 44, 45, 47, 53, 64, 65, 68, 71, 73, 75, 76, 82, 83, 89, 90, 91, 92, 99, 100, 101, 103, 105, 107, 108, 110, 111, 114, 116, 117, 120, 123, 125, 127, 131, 134, 136, 137, 139, 142, 143, 144, 147, 149, 152, 154, 157, 161, 162, 165, 167, 169, 170, 172, 174, 176, 180, 181, 183, 185, 188, 189, 190, 192, 193, 194, 195, 196, 199]
r: 0.0 info: 1
s: [2, 5, 9, 17, 22, 26, 30, 31, 34, 36, 39, 40, 44, 45, 47, 53, 64, 65, 68, 71, 73, 75, 76, 82, 83, 89, 90, 91, 92, 99, 100, 101, 103, 105, 107, 108, 110, 111, 114, 116, 117, 120, 123, 125, 127, 131, 134, 136, 137, 139, 142, 143, 144, 147, 149, 152, 154, 157, 161, 162, 165, 167, 169, 170, 172, 174, 176, 180, 181, 183, 185, 188, 189, 190, 191, 192, 193, 194, 195, 196, 199]
r: 0.0 info: 1
s: [2, 5, 9, 17, 22, 26, 30, 31, 34, 36, 39, 40, 44, 45, 47, 53, 64, 65, 67, 68, 71, 73, 75, 76, 82, 83, 89, 90, 91, 92, 99, 100, 101, 103, 105, 107, 108, 110, 111, 114, 116, 117, 120, 123, 125, 127, 131, 134, 136, 137, 139, 142, 143, 144, 147, 149, 152, 154, 157, 161, 162, 165, 167, 169, 170, 172, 174, 176, 180, 181, 183, 185, 188, 189, 190, 191, 192, 193, 194, 195, 196, 199]
r: 0.0 info: 1
s: [2, 5, 9, 17, 22, 26, 30, 31, 34, 36, 39, 40, 44, 45, 47, 53, 64, 65, 67, 68, 71, 73, 75, 76, 82, 83, 89, 90, 91, 92, 99, 100, 101, 103, 105, 107, 108, 110, 111, 114, 116, 117, 120, 123, 125, 127, 131, 134, 136, 137, 139, 142, 143, 144, 147, 149, 152, 154, 157, 161, 162, 163, 165, 167, 169, 170, 172, 174, 176, 180, 181, 183, 185, 188, 189, 190, 191, 192, 193, 194, 195, 196, 199]
r: 0.0 info: 1
s: [2, 5, 9, 17, 22, 26, 30, 31, 34, 36, 39, 40, 44, 45, 47, 53, 62, 64, 65, 67, 68, 71, 73, 75, 76, 82, 83, 89, 90, 91, 92, 99, 100, 101, 103, 105, 107, 108, 110, 111, 114, 116, 117, 120, 123, 125, 127, 131, 134, 136, 137, 139, 142, 143, 144, 147, 149, 152, 154, 157, 161, 162, 163, 165, 167, 169, 170, 172, 174, 176, 180, 181, 183, 185, 188, 189, 190, 191, 192, 193, 194, 195, 196, 199]
r: 0.0 info: 1
s: [2, 5, 9, 17, 22, 26, 30, 31, 34, 36, 39, 40, 44, 45, 47, 53, 62, 64, 65, 67, 68, 71, 73, 75, 76, 82, 83, 89, 90, 91, 92, 99, 100, 101, 103, 105, 107, 108, 110, 111, 114, 116, 117, 120, 123, 125, 127, 131, 134, 136, 137, 139, 142, 143, 144, 147, 149, 152, 154, 157, 161, 162, 163, 165, 167, 169, 170, 172, 174, 176, 180, 181, 183, 185, 188, 189, 190, 191, 192, 193, 194, 195, 196, 199]
r: -0.1 info: -1
s: [2, 5, 9, 17, 22, 26, 30, 31, 34, 36, 39, 40, 44, 45, 47, 53, 62, 64, 65, 67, 68, 71, 73, 75, 76, 82, 83, 89, 90, 91, 92, 99, 100, 101, 103, 105, 107, 108, 110, 111, 114, 116, 117, 120, 123, 125, 127, 131, 134, 136, 137, 139, 142, 143, 144, 147, 149, 152, 154, 157, 161, 162, 163, 165, 167, 169, 170, 172, 174, 176, 180, 181, 183, 185, 188, 189, 190, 191, 192, 193, 194, 195, 196, 199]
r: -0.1 info: -1
s: [2, 5, 9, 17, 22, 26, 30, 31, 34, 36, 39, 40, 44, 45, 47, 53, 62, 64, 65, 67, 68, 71, 73, 75, 76, 82, 83, 89, 90, 91, 92, 99, 100, 101, 103, 105, 107, 108, 110, 111, 114, 116, 117, 120, 123, 125, 127, 131, 134, 136, 137, 139, 142, 143, 144, 147, 149, 152, 154, 157, 161, 162, 163, 165, 167, 169, 170, 172, 174, 176, 180, 181, 183, 185, 188, 189, 190, 191, 192, 193, 194, 195, 196, 199]
r: -0.1 info: -1
s: [2, 5, 9, 17, 22, 26, 30, 31, 34, 36, 39, 40, 44, 45, 47, 53, 62, 64, 65, 67, 68, 71, 73, 75, 76, 82, 83, 89, 90, 91, 92, 99, 100, 101, 103, 105, 107, 108, 110, 111, 114, 116, 117, 120, 123, 125, 127, 131, 134, 136, 137, 139, 142, 143, 144, 147, 149, 152, 154, 157, 158, 161, 162, 163, 165, 167, 169, 170, 172, 174, 176, 180, 181, 183, 185, 188, 189, 190, 191, 192, 193, 194, 195, 196, 199]
r: 0.0 info: 1
s: [2, 5, 9, 17, 22, 26, 30, 31, 34, 36, 39, 40, 44, 45, 47, 53, 62, 64, 65, 67, 68, 71, 73, 75, 76, 82, 83, 89, 90, 91, 92, 99, 100, 101, 103, 105, 107, 108, 110, 111, 114, 116, 117, 120, 123, 125, 127, 131, 134, 136, 137, 139, 142, 143, 144, 147, 149, 152, 154, 157, 158, 161, 162, 163, 165, 167, 169, 170, 172, 174, 176, 180, 181, 183, 185, 188, 189, 190, 191, 192, 193, 194, 195, 196, 199]
r: -0.1 info: -1
s: [2, 5, 9, 17, 22, 26, 30, 31, 34, 36, 39, 40, 44, 45, 47, 53, 62, 64, 65, 67, 68, 71, 73, 75, 76, 79, 82, 83, 89, 90, 91, 92, 99, 100, 101, 103, 105, 107, 108, 110, 111, 114, 116, 117, 120, 123, 125, 127, 131, 134, 136, 137, 139, 142, 143, 144, 147, 149, 152, 154, 157, 158, 161, 162, 163, 165, 167, 169, 170, 172, 174, 176, 180, 181, 183, 185, 188, 189, 190, 191, 192, 193, 194, 195, 196, 199]
r: 0.0 info: 1
s: [2, 3, 5, 9, 17, 22, 26, 30, 31, 34, 36, 39, 40, 44, 45, 47, 53, 62, 64, 65, 67, 68, 71, 73, 75, 76, 79, 82, 83, 89, 90, 91, 92, 99, 100, 101, 103, 105, 107, 108, 110, 111, 114, 116, 117, 120, 123, 125, 127, 131, 134, 136, 137, 139, 142, 143, 144, 147, 149, 152, 154, 157, 158, 161, 162, 163, 165, 167, 169, 170, 172, 174, 176, 180, 181, 183, 185, 188, 189, 190, 191, 192, 193, 194, 195, 196, 199]
r: 0.0 info: 1
s: [2, 3, 5, 9, 17, 22, 26, 30, 31, 34, 36, 39, 40, 44, 45, 47, 53, 62, 64, 65, 67, 68, 71, 73, 75, 76, 79, 81, 82, 83, 89, 90, 91, 92, 99, 100, 101, 103, 105, 107, 108, 110, 111, 114, 116, 117, 120, 123, 125, 127, 131, 134, 136, 137, 139, 142, 143, 144, 147, 149, 152, 154, 157, 158, 161, 162, 163, 165, 167, 169, 170, 172, 174, 176, 180, 181, 183, 185, 188, 189, 190, 191, 192, 193, 194, 195, 196, 199]
r: 0.0 info: 1
s: [2, 3, 5, 9, 17, 22, 26, 30, 31, 34, 36, 39, 40, 44, 45, 47, 53, 60, 62, 64, 65, 67, 68, 71, 73, 75, 76, 79, 81, 82, 83, 89, 90, 91, 92, 99, 100, 101, 103, 105, 107, 108, 110, 111, 114, 116, 117, 120, 123, 125, 127, 131, 134, 136, 137, 139, 142, 143, 144, 147, 149, 152, 154, 157, 158, 161, 162, 163, 165, 167, 169, 170, 172, 174, 176, 180, 181, 183, 185, 188, 189, 190, 191, 192, 193, 194, 195, 196, 199]
r: 0.0 info: 1
s: [2, 3, 5, 9, 17, 22, 26, 30, 31, 34, 36, 39, 40, 44, 45, 47, 53, 60, 62, 64, 65, 67, 68, 71, 73, 75, 76, 79, 81, 82, 83, 89, 90, 91, 92, 99, 100, 101, 103, 105, 107, 108, 110, 111, 114, 116, 117, 120, 123, 125, 127, 131, 134, 136, 137, 139, 142, 143, 144, 147, 149, 152, 154, 157, 158, 161, 162, 163, 165, 167, 169, 170, 172, 174, 176, 180, 181, 183, 185, 188, 189, 190, 191, 192, 193, 194, 195, 196, 199]
r: -0.1 info: -1
s: [2, 3, 5, 9, 17, 22, 26, 30, 31, 34, 36, 39, 40, 44, 45, 47, 53, 60, 62, 64, 65, 67, 68, 71, 73, 75, 76, 79, 81, 82, 83, 89, 90, 91, 92, 99, 100, 101, 103, 105, 107, 108, 110, 111, 114, 116, 117, 120, 123, 125, 127, 131, 134, 136, 137, 139, 142, 143, 144, 147, 149, 152, 154, 157, 158, 161, 162, 163, 165, 167, 169, 170, 172, 174, 176, 180, 181, 183, 185, 188, 189, 190, 191, 192, 193, 194, 195, 196, 199]
r: -0.1 info: -1
s: [2, 3, 5, 9, 17, 22, 26, 30, 31, 34, 36, 39, 40, 44, 45, 47, 53, 60, 62, 64, 65, 67, 68, 71, 73, 75, 76, 79, 81, 82, 83, 89, 90, 91, 92, 99, 100, 101, 103, 105, 107, 108, 110, 111, 114, 116, 117, 120, 123, 125, 127, 131, 134, 136, 137, 139, 142, 143, 144, 147, 149, 152, 154, 157, 158, 161, 162, 163, 165, 167, 169, 170, 172, 174, 176, 180, 181, 183, 185, 188, 189, 190, 191, 192, 193, 194, 195, 196, 199]
r: -0.1 info: -1
s: [2, 3, 5, 9, 17, 22, 26, 30, 31, 34, 36, 39, 40, 44, 45, 47, 53, 60, 62, 64, 65, 67, 68, 71, 73, 75, 76, 79, 81, 82, 83, 89, 90, 91, 92, 99, 100, 101, 103, 105, 107, 108, 110, 111, 114, 116, 117, 120, 123, 125, 127, 131, 134, 136, 137, 139, 142, 143, 144, 147, 149, 152, 154, 157, 158, 161, 162, 163, 165, 167, 169, 170, 172, 174, 176, 180, 181, 183, 185, 188, 189, 190, 191, 192, 193, 194, 195, 196, 199]
r: -0.1 info: -1
s: [2, 3, 5, 9, 17, 22, 26, 30, 31, 34, 36, 39, 40, 44, 45, 47, 53, 60, 62, 64, 65, 67, 68, 71, 73, 75, 76, 79, 81, 82, 83, 89, 90, 91, 92, 99, 100, 101, 103, 105, 107, 108, 110, 111, 114, 116, 117, 120, 123, 125, 127, 131, 134, 136, 137, 139, 142, 143, 144, 147, 149, 152, 154, 157, 158, 161, 162, 163, 165, 167, 169, 170, 172, 174, 176, 180, 181, 183, 185, 188, 189, 190, 191, 192, 193, 194, 195, 196, 199]
r: -0.1 info: -1
s: [2, 3, 5, 9, 17, 22, 26, 30, 31, 34, 36, 39, 40, 44, 45, 47, 53, 60, 61, 62, 64, 65, 67, 68, 71, 73, 75, 76, 79, 81, 82, 83, 89, 90, 91, 92, 99, 100, 101, 103, 105, 107, 108, 110, 111, 114, 116, 117, 120, 123, 125, 127, 131, 134, 136, 137, 139, 142, 143, 144, 147, 149, 152, 154, 157, 158, 161, 162, 163, 165, 167, 169, 170, 172, 174, 176, 180, 181, 183, 185, 188, 189, 190, 191, 192, 193, 194, 195, 196, 199]
r: 0.0 info: 1
s: [2, 3, 5, 9, 17, 22, 26, 30, 31, 34, 36, 39, 40, 44, 45, 47, 53, 60, 61, 62, 64, 65, 67, 68, 71, 73, 75, 76, 79, 81, 82, 83, 89, 90, 91, 92, 99, 100, 101, 103, 105, 107, 108, 110, 111, 114, 116, 117, 120, 123, 125, 127, 131, 134, 136, 137, 139, 142, 143, 144, 147, 149, 152, 154, 157, 158, 161, 162, 163, 165, 167, 169, 170, 172, 174, 176, 180, 181, 183, 185, 188, 189, 190, 191, 192, 193, 194, 195, 196, 199]
r: -0.1 info: -1
s: [2, 3, 5, 9, 17, 22, 26, 30, 31, 34, 36, 39, 40, 44, 45, 47, 53, 60, 61, 62, 64, 65, 67, 68, 71, 73, 75, 76, 79, 81, 82, 83, 89, 90, 91, 92, 99, 100, 101, 103, 105, 107, 108, 110, 111, 114, 116, 117, 120, 123, 125, 127, 131, 134, 136, 137, 139, 142, 143, 144, 147, 149, 152, 154, 157, 158, 161, 162, 163, 165, 167, 169, 170, 172, 174, 176, 180, 181, 183, 185, 188, 189, 190, 191, 192, 193, 194, 195, 196, 199]
r: -0.1 info: -1
s: [2, 3, 5, 9, 17, 22, 26, 30, 31, 34, 36, 39, 40, 44, 45, 47, 53, 60, 61, 62, 64, 65, 67, 68, 71, 73, 75, 76, 79, 81, 82, 83, 89, 90, 91, 92, 99, 100, 101, 103, 105, 107, 108, 110, 111, 114, 116, 117, 120, 123, 125, 127, 131, 134, 136, 137, 139, 142, 143, 144, 147, 149, 152, 154, 157, 158, 161, 162, 163, 165, 167, 169, 170, 172, 174, 176, 180, 181, 183, 185, 188, 189, 190, 191, 192, 193, 194, 195, 196, 199]
r: -0.1 info: -1
s: [2, 3, 5, 9, 17, 22, 26, 30, 31, 34, 36, 39, 40, 44, 45, 47, 50, 53, 60, 61, 62, 64, 65, 67, 68, 71, 73, 75, 76, 79, 81, 82, 83, 89, 90, 91, 92, 99, 100, 101, 103, 105, 107, 108, 110, 111, 114, 116, 117, 120, 123, 125, 127, 131, 134, 136, 137, 139, 142, 143, 144, 147, 149, 152, 154, 157, 158, 161, 162, 163, 165, 167, 169, 170, 172, 174, 176, 180, 181, 183, 185, 188, 189, 190, 191, 192, 193, 194, 195, 196, 199]
r: 0.0 info: 1
s: [2, 3, 5, 9, 17, 22, 26, 30, 31, 34, 36, 39, 40, 44, 45, 47, 50, 53, 60, 61, 62, 64, 65, 67, 68, 71, 73, 75, 76, 79, 81, 82, 83, 89, 90, 91, 92, 99, 100, 101, 103, 105, 107, 108, 110, 111, 114, 116, 117, 120, 123, 125, 127, 131, 134, 136, 137, 139, 142, 143, 144, 147, 149, 152, 154, 157, 158, 161, 162, 163, 165, 167, 169, 170, 172, 174, 176, 180, 181, 183, 185, 188, 189, 190, 191, 192, 193, 194, 195, 196, 199]
r: -0.1 info: -1
s: [2, 3, 5, 9, 17, 22, 26, 30, 31, 34, 36, 39, 40, 44, 45, 47, 50, 53, 60, 61, 62, 64, 65, 67, 68, 71, 73, 75, 76, 79, 81, 82, 83, 89, 90, 91, 92, 99, 100, 101, 103, 105, 107, 108, 110, 111, 114, 116, 117, 120, 123, 125, 127, 131, 134, 136, 137, 139, 142, 143, 144, 147, 149, 152, 154, 157, 158, 161, 162, 163, 165, 167, 169, 170, 172, 174, 176, 180, 181, 183, 185, 188, 189, 190, 191, 192, 193, 194, 195, 196, 199]
r: -0.1 info: -1
s: [2, 3, 5, 9, 17, 22, 26, 30, 31, 34, 36, 39, 40, 44, 45, 47, 50, 53, 60, 61, 62, 64, 65, 67, 68, 71, 73, 75, 76, 79, 81, 82, 83, 89, 90, 91, 92, 99, 100, 101, 103, 105, 107, 108, 110, 111, 114, 116, 117, 120, 123, 125, 127, 131, 134, 136, 137, 139, 142, 143, 144, 147, 149, 152, 154, 157, 158, 161, 162, 163, 165, 167, 169, 170, 172, 174, 176, 180, 181, 183, 185, 188, 189, 190, 191, 192, 193, 194, 195, 196, 199]
r: -0.1 info: -1
s: [2, 3, 5, 9, 17, 22, 26, 30, 31, 34, 36, 39, 40, 44, 45, 47, 50, 53, 60, 61, 62, 64, 65, 67, 68, 71, 73, 75, 76, 79, 81, 82, 83, 89, 90, 91, 92, 99, 100, 101, 103, 105, 107, 108, 110, 111, 114, 116, 117, 120, 123, 125, 127, 131, 134, 136, 137, 139, 142, 143, 144, 147, 149, 152, 154, 157, 158, 161, 162, 163, 165, 167, 169, 170, 171, 172, 174, 176, 180, 181, 183, 185, 188, 189, 190, 191, 192, 193, 194, 195, 196, 199]
r: 0.0 info: 1
s: [1, 2, 3, 5, 9, 17, 22, 26, 30, 31, 34, 36, 39, 40, 44, 45, 47, 50, 53, 60, 61, 62, 64, 65, 67, 68, 71, 73, 75, 76, 79, 81, 82, 83, 89, 90, 91, 92, 99, 100, 101, 103, 105, 107, 108, 110, 111, 114, 116, 117, 120, 123, 125, 127, 131, 134, 136, 137, 139, 142, 143, 144, 147, 149, 152, 154, 157, 158, 161, 162, 163, 165, 167, 169, 170, 171, 172, 174, 176, 180, 181, 183, 185, 188, 189, 190, 191, 192, 193, 194, 195, 196, 199]
r: 0.0 info: 1
s: [1, 2, 3, 5, 9, 17, 22, 26, 30, 31, 34, 36, 39, 40, 44, 45, 47, 50, 53, 60, 61, 62, 64, 65, 67, 68, 71, 73, 75, 76, 79, 81, 82, 83, 89, 90, 91, 92, 99, 100, 101, 103, 105, 107, 108, 110, 111, 114, 116, 117, 120, 123, 125, 127, 131, 134, 136, 137, 139, 142, 143, 144, 147, 149, 152, 154, 157, 158, 161, 162, 163, 165, 167, 169, 170, 171, 172, 174, 176, 180, 181, 183, 185, 188, 189, 190, 191, 192, 193, 194, 195, 196, 199]
r: -0.1 info: -1
s: [1, 2, 3, 5, 9, 17, 22, 26, 30, 31, 34, 36, 39, 40, 44, 45, 47, 50, 53, 60, 61, 62, 64, 65, 67, 68, 71, 73, 75, 76, 79, 81, 82, 83, 89, 90, 91, 92, 99, 100, 101, 103, 105, 107, 108, 110, 111, 114, 116, 117, 120, 123, 125, 127, 131, 134, 136, 137, 139, 140, 142, 143, 144, 147, 149, 152, 154, 157, 158, 161, 162, 163, 165, 167, 169, 170, 171, 172, 174, 176, 180, 181, 183, 185, 188, 189, 190, 191, 192, 193, 194, 195, 196, 199]
r: 0.0 info: 1
s: [1, 2, 3, 5, 9, 13, 17, 22, 26, 30, 31, 34, 36, 39, 40, 44, 45, 47, 50, 53, 60, 61, 62, 64, 65, 67, 68, 71, 73, 75, 76, 79, 81, 82, 83, 89, 90, 91, 92, 99, 100, 101, 103, 105, 107, 108, 110, 111, 114, 116, 117, 120, 123, 125, 127, 131, 134, 136, 137, 139, 140, 142, 143, 144, 147, 149, 152, 154, 157, 158, 161, 162, 163, 165, 167, 169, 170, 171, 172, 174, 176, 180, 181, 183, 185, 188, 189, 190, 191, 192, 193, 194, 195, 196, 199]
r: 0.0 info: 1
s: [1, 2, 3, 5, 9, 13, 17, 22, 26, 30, 31, 34, 36, 39, 40, 44, 45, 47, 50, 53, 60, 61, 62, 64, 65, 67, 68, 71, 73, 75, 76, 79, 81, 82, 83, 89, 90, 91, 92, 99, 100, 101, 103, 105, 107, 108, 110, 111, 114, 116, 117, 120, 123, 125, 127, 131, 134, 136, 137, 139, 140, 142, 143, 144, 147, 149, 152, 154, 157, 158, 161, 162, 163, 165, 167, 169, 170, 171, 172, 174, 175, 176, 180, 181, 183, 185, 188, 189, 190, 191, 192, 193, 194, 195, 196, 199]
r: 0.0 info: 1
s: [1, 2, 3, 5, 9, 13, 17, 22, 26, 30, 31, 34, 36, 39, 40, 44, 45, 47, 50, 53, 60, 61, 62, 64, 65, 67, 68, 71, 73, 75, 76, 79, 81, 82, 83, 89, 90, 91, 92, 99, 100, 101, 103, 105, 107, 108, 110, 111, 114, 116, 117, 120, 123, 125, 127, 131, 134, 136, 137, 139, 140, 142, 143, 144, 147, 149, 152, 154, 157, 158, 161, 162, 163, 165, 167, 169, 170, 171, 172, 174, 175, 176, 180, 181, 183, 185, 188, 189, 190, 191, 192, 193, 194, 195, 196, 199]
r: -0.1 info: -1
s: [1, 2, 3, 5, 9, 13, 17, 22, 26, 30, 31, 34, 36, 39, 40, 44, 45, 47, 50, 53, 60, 61, 62, 64, 65, 67, 68, 71, 73, 75, 76, 79, 81, 82, 83, 89, 90, 91, 92, 99, 100, 101, 103, 105, 107, 108, 110, 111, 113, 114, 116, 117, 120, 123, 125, 127, 131, 134, 136, 137, 139, 140, 142, 143, 144, 147, 149, 152, 154, 157, 158, 161, 162, 163, 165, 167, 169, 170, 171, 172, 174, 175, 176, 180, 181, 183, 185, 188, 189, 190, 191, 192, 193, 194, 195, 196, 199]
r: 0.0 info: 1
s: [1, 2, 3, 5, 9, 13, 17, 22, 26, 30, 31, 32, 34, 36, 39, 40, 44, 45, 47, 50, 53, 60, 61, 62, 64, 65, 67, 68, 71, 73, 75, 76, 79, 81, 82, 83, 89, 90, 91, 92, 99, 100, 101, 103, 105, 107, 108, 110, 111, 113, 114, 116, 117, 120, 123, 125, 127, 131, 134, 136, 137, 139, 140, 142, 143, 144, 147, 149, 152, 154, 157, 158, 161, 162, 163, 165, 167, 169, 170, 171, 172, 174, 175, 176, 180, 181, 183, 185, 188, 189, 190, 191, 192, 193, 194, 195, 196, 199]
r: 0.0 info: 1
s: [1, 2, 3, 5, 9, 13, 17, 22, 26, 30, 31, 32, 34, 36, 39, 40, 44, 45, 47, 50, 53, 60, 61, 62, 64, 65, 67, 68, 71, 73, 75, 76, 79, 81, 82, 83, 89, 90, 91, 92, 99, 100, 101, 103, 105, 107, 108, 110, 111, 113, 114, 116, 117, 120, 123, 125, 127, 131, 134, 136, 137, 139, 140, 142, 143, 144, 147, 149, 152, 154, 157, 158, 161, 162, 163, 165, 167, 169, 170, 171, 172, 174, 175, 176, 180, 181, 183, 185, 188, 189, 190, 191, 192, 193, 194, 195, 196, 199]
r: -0.1 info: -1
s: [1, 2, 3, 5, 9, 13, 17, 22, 26, 30, 31, 32, 34, 36, 39, 40, 44, 45, 47, 50, 53, 60, 61, 62, 64, 65, 67, 68, 71, 73, 75, 76, 78, 79, 81, 82, 83, 89, 90, 91, 92, 99, 100, 101, 103, 105, 107, 108, 110, 111, 113, 114, 116, 117, 120, 123, 125, 127, 131, 134, 136, 137, 139, 140, 142, 143, 144, 147, 149, 152, 154, 157, 158, 161, 162, 163, 165, 167, 169, 170, 171, 172, 174, 175, 176, 180, 181, 183, 185, 188, 189, 190, 191, 192, 193, 194, 195, 196, 199]
r: 0.0 info: 1
s: [1, 2, 3, 5, 9, 13, 17, 22, 26, 30, 31, 32, 34, 36, 39, 40, 44, 45, 47, 50, 53, 56, 60, 61, 62, 64, 65, 67, 68, 71, 73, 75, 76, 78, 79, 81, 82, 83, 89, 90, 91, 92, 99, 100, 101, 103, 105, 107, 108, 110, 111, 113, 114, 116, 117, 120, 123, 125, 127, 131, 134, 136, 137, 139, 140, 142, 143, 144, 147, 149, 152, 154, 157, 158, 161, 162, 163, 165, 167, 169, 170, 171, 172, 174, 175, 176, 180, 181, 183, 185, 188, 189, 190, 191, 192, 193, 194, 195, 196, 199]
r: 0.0 info: 1
s: [1, 2, 3, 5, 9, 13, 17, 22, 26, 30, 31, 32, 34, 36, 39, 40, 44, 45, 47, 50, 53, 56, 60, 61, 62, 64, 65, 67, 68, 71, 73, 75, 76, 78, 79, 81, 82, 83, 89, 90, 91, 92, 99, 100, 101, 103, 105, 107, 108, 110, 111, 113, 114, 116, 117, 120, 123, 125, 127, 128, 131, 134, 136, 137, 139, 140, 142, 143, 144, 147, 149, 152, 154, 157, 158, 161, 162, 163, 165, 167, 169, 170, 171, 172, 174, 175, 176, 180, 181, 183, 185, 188, 189, 190, 191, 192, 193, 194, 195, 196, 199]
r: 0.0 info: 1
s: [1, 2, 3, 5, 9, 13, 17, 22, 26, 30, 31, 32, 34, 36, 39, 40, 44, 45, 47, 50, 53, 56, 60, 61, 62, 64, 65, 67, 68, 71, 73, 75, 76, 78, 79, 81, 82, 83, 89, 90, 91, 92, 99, 100, 101, 103, 105, 107, 108, 110, 111, 113, 114, 116, 117, 120, 123, 125, 127, 128, 131, 134, 136, 137, 139, 140, 142, 143, 144, 147, 149, 152, 154, 157, 158, 161, 162, 163, 165, 167, 169, 170, 171, 172, 174, 175, 176, 180, 181, 183, 185, 188, 189, 190, 191, 192, 193, 194, 195, 196, 199]
r: -0.1 info: -1
s: [1, 2, 3, 5, 9, 13, 17, 22, 26, 30, 31, 32, 34, 36, 39, 40, 44, 45, 47, 50, 53, 56, 60, 61, 62, 64, 65, 67, 68, 71, 73, 75, 76, 78, 79, 81, 82, 83, 89, 90, 91, 92, 99, 100, 101, 103, 105, 107, 108, 110, 111, 113, 114, 116, 117, 120, 123, 125, 127, 128, 131, 134, 136, 137, 139, 140, 142, 143, 144, 147, 149, 152, 154, 157, 158, 161, 162, 163, 165, 167, 169, 170, 171, 172, 174, 175, 176, 180, 181, 183, 185, 188, 189, 190, 191, 192, 193, 194, 195, 196, 199]
r: -0.1 info: -1
s: [1, 2, 3, 5, 9, 11, 13, 17, 22, 26, 30, 31, 32, 34, 36, 39, 40, 44, 45, 47, 50, 53, 56, 60, 61, 62, 64, 65, 67, 68, 71, 73, 75, 76, 78, 79, 81, 82, 83, 89, 90, 91, 92, 99, 100, 101, 103, 105, 107, 108, 110, 111, 113, 114, 116, 117, 120, 123, 125, 127, 128, 131, 134, 136, 137, 139, 140, 142, 143, 144, 147, 149, 152, 154, 157, 158, 161, 162, 163, 165, 167, 169, 170, 171, 172, 174, 175, 176, 180, 181, 183, 185, 188, 189, 190, 191, 192, 193, 194, 195, 196, 199]
r: 0.0 info: 1
s: [1, 2, 3, 5, 9, 11, 13, 17, 22, 26, 30, 31, 32, 34, 36, 39, 40, 44, 45, 47, 50, 53, 56, 60, 61, 62, 64, 65, 67, 68, 71, 73, 75, 76, 78, 79, 81, 82, 83, 89, 90, 91, 92, 99, 100, 101, 103, 105, 107, 108, 110, 111, 113, 114, 116, 117, 120, 123, 125, 127, 128, 131, 134, 136, 137, 139, 140, 142, 143, 144, 147, 149, 152, 154, 157, 158, 161, 162, 163, 165, 167, 169, 170, 171, 172, 174, 175, 176, 180, 181, 183, 185, 188, 189, 190, 191, 192, 193, 194, 195, 196, 199]
r: -0.1 info: -1
s: [1, 2, 3, 5, 9, 11, 13, 17, 22, 26, 30, 31, 32, 34, 36, 39, 40, 44, 45, 47, 50, 53, 56, 60, 61, 62, 64, 65, 67, 68, 71, 73, 75, 76, 78, 79, 81, 82, 83, 89, 90, 91, 92, 99, 100, 101, 103, 105, 107, 108, 110, 111, 113, 114, 116, 117, 120, 123, 125, 127, 128, 131, 134, 136, 137, 139, 140, 142, 143, 144, 147, 149, 152, 154, 157, 158, 161, 162, 163, 165, 167, 169, 170, 171, 172, 174, 175, 176, 180, 181, 183, 185, 188, 189, 190, 191, 192, 193, 194, 195, 196, 199]
r: -0.1 info: -1
s: [1, 2, 3, 5, 9, 11, 13, 17, 22, 26, 30, 31, 32, 34, 36, 39, 40, 44, 45, 47, 50, 53, 56, 60, 61, 62, 64, 65, 67, 68, 71, 73, 75, 76, 78, 79, 81, 82, 83, 89, 90, 91, 92, 99, 100, 101, 103, 105, 107, 108, 110, 111, 113, 114, 116, 117, 120, 123, 125, 127, 128, 131, 134, 136, 137, 139, 140, 142, 143, 144, 147, 149, 152, 154, 157, 158, 161, 162, 163, 165, 167, 169, 170, 171, 172, 174, 175, 176, 180, 181, 183, 185, 188, 189, 190, 191, 192, 193, 194, 195, 196, 199]
r: -0.1 info: -1
s: [1, 2, 3, 5, 9, 11, 13, 17, 22, 26, 30, 31, 32, 34, 36, 39, 40, 44, 45, 47, 50, 53, 56, 60, 61, 62, 64, 65, 67, 68, 71, 73, 75, 76, 78, 79, 81, 82, 83, 89, 90, 91, 92, 99, 100, 101, 103, 105, 107, 108, 110, 111, 113, 114, 116, 117, 120, 123, 125, 127, 128, 131, 134, 136, 137, 139, 140, 142, 143, 144, 147, 149, 152, 154, 157, 158, 161, 162, 163, 165, 167, 169, 170, 171, 172, 174, 175, 176, 180, 181, 183, 185, 188, 189, 190, 191, 192, 193, 194, 195, 196, 199]
r: -0.1 info: -1
s: [1, 2, 3, 5, 9, 11, 13, 17, 22, 26, 30, 31, 32, 34, 36, 39, 40, 44, 45, 47, 50, 53, 56, 60, 61, 62, 64, 65, 67, 68, 71, 73, 75, 76, 78, 79, 81, 82, 83, 89, 90, 91, 92, 99, 100, 101, 103, 105, 107, 108, 110, 111, 113, 114, 116, 117, 120, 123, 125, 127, 128, 131, 134, 136, 137, 139, 140, 142, 143, 144, 147, 149, 152, 154, 157, 158, 161, 162, 163, 165, 167, 169, 170, 171, 172, 174, 175, 176, 180, 181, 183, 185, 188, 189, 190, 191, 192, 193, 194, 195, 196, 199]
r: -0.1 info: -1
s: [1, 2, 3, 5, 9, 11, 13, 17, 22, 26, 30, 31, 32, 34, 36, 39, 40, 44, 45, 47, 50, 53, 56, 60, 61, 62, 64, 65, 67, 68, 71, 73, 75, 76, 78, 79, 81, 82, 83, 89, 90, 91, 92, 99, 100, 101, 103, 105, 107, 108, 110, 111, 113, 114, 116, 117, 120, 123, 125, 127, 128, 131, 134, 136, 137, 139, 140, 142, 143, 144, 147, 149, 152, 154, 157, 158, 161, 162, 163, 165, 167, 169, 170, 171, 172, 174, 175, 176, 180, 181, 183, 185, 188, 189, 190, 191, 192, 193, 194, 195, 196, 199]
r: -0.1 info: -1
s: [1, 2, 3, 5, 9, 11, 13, 17, 22, 26, 30, 31, 32, 34, 36, 39, 40, 44, 45, 47, 50, 53, 56, 60, 61, 62, 64, 65, 67, 68, 71, 73, 75, 76, 78, 79, 81, 82, 83, 89, 90, 91, 92, 99, 100, 101, 103, 105, 107, 108, 110, 111, 113, 114, 116, 117, 120, 123, 125, 127, 128, 131, 134, 136, 137, 139, 140, 142, 143, 144, 147, 149, 152, 154, 157, 158, 161, 162, 163, 165, 167, 169, 170, 171, 172, 174, 175, 176, 180, 181, 183, 185, 188, 189, 190, 191, 192, 193, 194, 195, 196, 199]
r: -0.1 info: -1
s: [1, 2, 3, 5, 9, 11, 13, 17, 22, 26, 30, 31, 32, 34, 36, 39, 40, 44, 45, 47, 50, 53, 56, 60, 61, 62, 64, 65, 67, 68, 71, 73, 75, 76, 78, 79, 81, 82, 83, 89, 90, 91, 92, 99, 100, 101, 103, 105, 107, 108, 110, 111, 113, 114, 116, 117, 120, 123, 125, 127, 128, 131, 134, 136, 137, 139, 140, 142, 143, 144, 147, 149, 152, 154, 157, 158, 161, 162, 163, 165, 167, 169, 170, 171, 172, 174, 175, 176, 180, 181, 183, 185, 188, 189, 190, 191, 192, 193, 194, 195, 196, 199]
r: -6.113701849244535 info: 0.01371257845312357
