s: [60]
r: 0.1 info: 1
s: [60, 143]
r: 0.1 info: 1
s: [52, 60, 143]
r: 0.1 info: 1
s: [52, 60, 143, 170]
r: 0.1 info: 1
s: [8, 52, 60, 143, 170]
r: 0.1 info: 1
s: [8, 52, 60, 84, 143, 170]
r: 0.1 info: 1
s: [8, 52, 60, 84, 119, 143, 170]
r: 0.1 info: 1
s: [8, 43, 52, 60, 84, 119, 143, 170]
r: 0.1 info: 1
s: [8, 12, 43, 52, 60, 84, 119, 143, 170]
r: 0.1 info: 1
s: [8, 12, 43, 52, 60, 84, 90, 119, 143, 170]
r: 0.1 info: 1
s: [8, 12, 43, 52, 60, 84, 90, 119, 143, 170, 183]
r: 0.1 info: 1
s: [8, 12, 43, 52, 60, 84, 90, 119, 120, 143, 170, 183]
r: 0.1 info: 1
s: [8, 12, 43, 52, 60, 84, 90, 105, 119, 120, 143, 170, 183]
r: 0.1 info: 1
s: [8, 12, 37, 43, 52, 60, 84, 90, 105, 119, 120, 143, 170, 183]
r: 0.1 info: 1
s: [8, 12, 37, 43, 52, 60, 65, 84, 90, 105, 119, 120, 143, 170, 183]
r: 0.1 info: 1
s: [8, 10, 12, 37, 43, 52, 60, 65, 84, 90, 105, 119, 120, 143, 170, 183]
r: 0.1 info: 1
s: [8, 10, 12, 37, 43, 52, 60, 65, 84, 90, 102, 105, 119, 120, 143, 170, 183]
r: 0.1 info: 1
s: [8, 10, 12, 33, 37, 43, 52, 60, 65, 84, 90, 102, 105, 119, 120, 143, 170, 183]
r: 0.1 info: 1
s: [8, 10, 12, 13, 33, 37, 43, 52, 60, 65, 84, 90, 102, 105, 119, 120, 143, 170, 183]
r: 0.1 info: 1
s: [8, 10, 12, 13, 33, 37, 43, 52, 60, 65, 84, 90, 102, 105, 119, 120, 143, 170, 183, 192]
r: 0.1 info: 1
s: [8, 9, 10, 12, 13, 33, 37, 43, 52, 60, 65, 84, 90, 102, 105, 119, 120, 143, 170, 183, 192]
r: 0.1 info: 1
s: [8, 9, 10, 12, 13, 33, 37, 43, 52, 60, 65, 84, 90, 102, 105, 119, 120, 143, 170, 183, 192]
r: -0.1 info: -1
s: [8, 9, 10, 12, 13, 33, 37, 43, 52, 60, 65, 84, 90, 102, 105, 119, 120, 143, 170, 174, 183, 192]
r: 0.1 info: 1
s: [8, 9, 10, 12, 13, 33, 37, 43, 52, 60, 65, 84, 90, 102, 105, 119, 120, 143, 170, 174, 183, 192]
r: -0.1 info: -1
s: [8, 9, 10, 12, 13, 33, 37, 43, 52, 60, 65, 84, 90, 100, 102, 105, 119, 120, 143, 170, 174, 183, 192]
r: 0.1 info: 1
s: [8, 9, 10, 12, 13, 33, 37, 43, 52, 60, 65, 84, 90, 100, 102, 105, 119, 120, 143, 170, 174, 183, 192, 194]
r: 0.1 info: 1
s: [8, 9, 10, 12, 13, 33, 37, 43, 52, 60, 65, 84, 90, 100, 102, 105, 119, 120, 143, 170, 174, 183, 192, 194]
r: -0.1 info: -1
s: [8, 9, 10, 12, 13, 33, 37, 43, 52, 60, 65, 84, 90, 100, 102, 105, 119, 120, 142, 143, 170, 174, 183, 192, 194]
r: 0.1 info: 1
s: [8, 9, 10, 12, 13, 33, 37, 43, 52, 60, 65, 84, 90, 100, 102, 105, 119, 120, 142, 143, 170, 174, 183, 192, 194]
r: -0.1 info: -1
s: [8, 9, 10, 12, 13, 33, 37, 43, 52, 53, 60, 65, 84, 90, 100, 102, 105, 119, 120, 142, 143, 170, 174, 183, 192, 194]
r: 0.1 info: 1
s: [8, 9, 10, 12, 13, 33, 37, 43, 52, 53, 60, 65, 84, 90, 100, 102, 105, 119, 120, 142, 143, 170, 174, 183, 192, 194]
r: -0.1 info: -1
s: [8, 9, 10, 12, 13, 33, 37, 43, 52, 53, 60, 65, 84, 90, 100, 102, 105, 119, 120, 142, 143, 170, 174, 183, 192, 193, 194]
r: 0.1 info: 1
s: [8, 9, 10, 12, 13, 19, 33, 37, 43, 52, 53, 60, 65, 84, 90, 100, 102, 105, 119, 120, 142, 143, 170, 174, 183, 192, 193, 194]
r: 0.1 info: 1
s: [8, 9, 10, 12, 13, 19, 33, 37, 43, 52, 53, 60, 65, 84, 90, 100, 102, 105, 119, 120, 142, 143, 146, 170, 174, 183, 192, 193, 194]
r: 0.1 info: 1
s: [8, 9, 10, 12, 13, 19, 33, 37, 43, 52, 53, 60, 65, 74, 84, 90, 100, 102, 105, 119, 120, 142, 143, 146, 170, 174, 183, 192, 193, 194]
r: 0.1 info: 1
s: [8, 9, 10, 12, 13, 19, 33, 37, 43, 52, 53, 60, 65, 74, 80, 84, 90, 100, 102, 105, 119, 120, 142, 143, 146, 170, 174, 183, 192, 193, 194]
r: 0.1 info: 1
s: [8, 9, 10, 12, 13, 19, 33, 37, 43, 52, 53, 60, 65, 74, 80, 84, 90, 100, 102, 105, 119, 120, 122, 142, 143, 146, 170, 174, 183, 192, 193, 194]
r: 0.1 info: 1
s: [8, 9, 10, 12, 13, 19, 33, 37, 43, 52, 53, 60, 65, 73, 74, 80, 84, 90, 100, 102, 105, 119, 120, 122, 142, 143, 146, 170, 174, 183, 192, 193, 194]
r: 0.1 info: 1
s: [8, 9, 10, 11, 12, 13, 19, 33, 37, 43, 52, 53, 60, 65, 73, 74, 80, 84, 90, 100, 102, 105, 119, 120, 122, 142, 143, 146, 170, 174, 183, 192, 193, 194]
r: 0.1 info: 1
s: [8, 9, 10, 11, 12, 13, 19, 33, 37, 43, 52, 53, 60, 65, 73, 74, 80, 84, 90, 100, 102, 105, 119, 120, 122, 142, 143, 146, 170, 174, 183, 192, 193, 194]
r: -0.1 info: -1
s: [8, 9, 10, 11, 12, 13, 19, 33, 37, 43, 52, 53, 60, 65, 73, 74, 80, 84, 90, 100, 102, 105, 119, 120, 122, 142, 143, 146, 170, 174, 183, 192, 193, 194]
r: -0.1 info: -1
s: [8, 9, 10, 11, 12, 13, 19, 33, 37, 43, 52, 53, 60, 65, 73, 74, 80, 84, 90, 100, 102, 105, 119, 120, 122, 142, 143, 146, 170, 174, 183, 192, 193, 194]
r: -0.1 info: -1
s: [5, 8, 9, 10, 11, 12, 13, 19, 33, 37, 43, 52, 53, 60, 65, 73, 74, 80, 84, 90, 100, 102, 105, 119, 120, 122, 142, 143, 146, 170, 174, 183, 192, 193, 194]
r: 0.1 info: 1
s: [5, 8, 9, 10, 11, 12, 13, 19, 33, 37, 43, 52, 53, 60, 65, 73, 74, 80, 84, 90, 100, 102, 105, 119, 120, 122, 142, 143, 146, 170, 174, 183, 192, 193, 194]
r: -0.1 info: -1
s: [5, 8, 9, 10, 11, 12, 13, 19, 33, 37, 43, 52, 53, 60, 65, 73, 74, 80, 84, 90, 100, 102, 105, 119, 120, 122, 142, 143, 146, 170, 174, 183, 192, 193, 194]
r: -0.1 info: -1
s: [5, 8, 9, 10, 11, 12, 13, 19, 21, 33, 37, 43, 52, 53, 60, 65, 73, 74, 80, 84, 90, 100, 102, 105, 119, 120, 122, 142, 143, 146, 170, 174, 183, 192, 193, 194]
r: 0.1 info: 1
s: [5, 8, 9, 10, 11, 12, 13, 19, 21, 33, 37, 43, 52, 53, 60, 65, 73, 74, 80, 84, 90, 100, 102, 105, 119, 120, 122, 142, 143, 146, 170, 174, 183, 192, 193, 194]
r: -0.1 info: -1
s: [0, 5, 8, 9, 10, 11, 12, 13, 19, 21, 33, 37, 43, 52, 53, 60, 65, 73, 74, 80, 84, 90, 100, 102, 105, 119, 120, 122, 142, 143, 146, 170, 174, 183, 192, 193, 194]
r: 0.1 info: 1
s: [0, 5, 8, 9, 10, 11, 12, 13, 17, 19, 21, 33, 37, 43, 52, 53, 60, 65, 73, 74, 80, 84, 90, 100, 102, 105, 119, 120, 122, 142, 143, 146, 170, 174, 183, 192, 193, 194]
r: 0.1 info: 1
s: [0, 5, 8, 9, 10, 11, 12, 13, 17, 19, 21, 33, 37, 43, 52, 53, 60, 65, 73, 74, 80, 84, 90, 100, 102, 105, 119, 120, 122, 142, 143, 146, 170, 174, 183, 192, 193, 194]
r: 8.52196496043689 info: 0.5251512317699962
