s: [72]
r: -0.5 info: 1
s: [67, 72]
r: -0.5 info: 1
s: [67, 72]
r: -0.1 info: -1
s: [67, 72, 192]
r: -0.5 info: 1
s: [67, 72, 183, 192]
r: -0.5 info: 1
s: [58, 67, 72, 183, 192]
r: -0.5 info: 1
s: [58, 67, 72, 183, 192]
r: -0.1 info: -1
s: [58, 67, 72, 173, 183, 192]
r: -0.5 info: 1
s: [58, 67, 72, 173, 183, 192]
r: -0.1 info: -1
s: [58, 67, 72, 173, 183, 192, 193]
r: -0.5 info: 1
s: [58, 67, 72, 173, 183, 192, 193]
r: -0.1 info: -1
s: [58, 67, 72, 173, 183, 184, 192, 193]
r: -0.5 info: 1
s: [58, 67, 72, 141, 173, 183, 184, 192, 193]
r: -0.5 info: 1
s: [58, 67, 72, 84, 141, 173, 183, 184, 192, 193]
r: -0.5 info: 1
s: [58, 67, 72, 84, 141, 173, 183, 184, 192, 193, 197]
r: -0.5 info: 1
s: [58, 67, 72, 84, 141, 173, 183, 184, 192, 193, 197]
r: -0.1 info: -1
s: [58, 67, 72, 84, 141, 172, 173, 183, 184, 192, 193, 197]
r: -0.5 info: 1
s: [58, 67, 72, 84, 141, 172, 173, 183, 184, 188, 192, 193, 197]
r: -0.5 info: 1
s: [58, 67, 72, 84, 141, 172, 173, 183, 184, 188, 192, 193, 197]
r: -0.1 info: -1
s: [58, 67, 72, 84, 141, 172, 173, 183, 184, 188, 192, 193, 195, 197]
r: -0.5 info: 1
s: [58, 67, 72, 84, 141, 172, 173, 183, 184, 188, 190, 192, 193, 195, 197]
r: -0.5 info: 1
s: [58, 67, 72, 84, 141, 172, 173, 183, 184, 188, 190, 192, 193, 195, 197]
r: -0.1 info: -1
s: [58, 67, 72, 84, 141, 172, 173, 183, 184, 188, 190, 192, 193, 195, 197]
r: -0.1 info: -1
s: [58, 67, 72, 84, 141, 172, 173, 180, 183, 184, 188, 190, 192, 193, 195, 197]
r: -0.5 info: 1
s: [58, 67, 72, 84, 141, 172, 173, 180, 183, 184, 188, 190, 192, 193, 195, 197, 198]
r: -0.5 info: 1
s: [58, 67, 72, 84, 141, 160, 172, 173, 180, 183, 184, 188, 190, 192, 193, 195, 197, 198]
r: -0.5 info: 1
s: [58, 67, 72, 84, 141, 160, 172, 173, 180, 183, 184, 188, 190, 192, 193, 195, 197, 198]
r: -0.1 info: -1
s: [58, 67, 72, 84, 95, 141, 160, 172, 173, 180, 183, 184, 188, 190, 192, 193, 195, 197, 198]
r: -0.5 info: 1
s: [58, 67, 72, 84, 95, 141, 160, 172, 173, 180, 183, 184, 188, 190, 192, 193, 195, 197, 198]
r: -4.372875369153917 info: 0.05131317116320133
