s: [179]
r: -0.2 info: 1
s: [158, 179]
r: -0.2 info: 1
s: [155, 158, 179]
r: -0.2 info: 1
s: [155, 158, 179, 184]
r: -0.2 info: 1
s: [155, 158, 161, 179, 184]
r: -0.2 info: 1
s: [155, 158, 161, 179, 184, 193]
r: -0.2 info: 1
s: [104, 155, 158, 161, 179, 184, 193]
r: -0.2 info: 1
s: [104, 155, 158, 161, 179, 184, 186, 193]
r: -0.2 info: 1
s: [104, 155, 158, 161, 179, 184, 186, 189, 193]
r: -0.2 info: 1
s: [104, 137, 155, 158, 161, 179, 184, 186, 189, 193]
r: -0.2 info: 1
s: [61, 104, 137, 155, 158, 161, 179, 184, 186, 189, 193]
r: -0.2 info: 1
s: [61, 104, 137, 155, 158, 161, 179, 184, 186, 187, 189, 193]
r: -0.2 info: 1
s: [61, 104, 137, 155, 158, 161, 179, 184, 186, 187, 189, 193, 198]
r: -0.2 info: 1
s: [61, 104, 137, 155, 158, 161, 179, 184, 186, 187, 189, 193, 198]
r: -0.1 info: -1
s: [61, 104, 137, 155, 158, 161, 179, 184, 186, 187, 189, 193, 198]
r: -0.1 info: -1
s: [61, 73, 104, 137, 155, 158, 161, 179, 184, 186, 187, 189, 193, 198]
r: -0.2 info: 1
s: [61, 73, 104, 137, 155, 158, 161, 179, 184, 186, 187, 189, 193, 198]
r: -0.1 info: -1
s: [61, 73, 104, 137, 155, 158, 161, 179, 184, 186, 187, 189, 193, 198]
r: -0.1 info: -1
s: [61, 73, 104, 137, 155, 158, 161, 175, 179, 184, 186, 187, 189, 193, 198]
r: -0.2 info: 1
s: [61, 63, 73, 104, 137, 155, 158, 161, 175, 179, 184, 186, 187, 189, 193, 198]
r: -0.2 info: 1
s: [61, 63, 73, 104, 137, 155, 158, 161, 162, 175, 179, 184, 186, 187, 189, 193, 198]
r: -0.2 info: 1
s: [61, 63, 73, 104, 137, 154, 155, 158, 161, 162, 175, 179, 184, 186, 187, 189, 193, 198]
r: -0.2 info: 1
s: [61, 63, 73, 104, 137, 154, 155, 158, 161, 162, 175, 179, 184, 186, 187, 189, 193, 198]
r: -0.1 info: -1
s: [61, 63, 73, 104, 137, 154, 155, 158, 161, 162, 175, 179, 184, 186, 187, 189, 193, 198]
r: -0.1 info: -1
s: [61, 63, 73, 104, 137, 154, 155, 158, 161, 162, 175, 179, 184, 186, 187, 189, 193, 197, 198]
r: -0.2 info: 1
s: [61, 63, 73, 104, 137, 147, 154, 155, 158, 161, 162, 175, 179, 184, 186, 187, 189, 193, 197, 198]
r: -0.2 info: 1
s: [61, 63, 73, 104, 137, 147, 154, 155, 156, 158, 161, 162, 175, 179, 184, 186, 187, 189, 193, 197, 198]
r: -0.2 info: 1
s: [61, 63, 73, 104, 137, 147, 154, 155, 156, 158, 161, 162, 175, 179, 183, 184, 186, 187, 189, 193, 197, 198]
r: -0.2 info: 1
s: [61, 63, 73, 104, 137, 147, 154, 155, 156, 158, 161, 162, 175, 179, 181, 183, 184, 186, 187, 189, 193, 197, 198]
r: -0.2 info: 1
s: [61, 63, 73, 104, 137, 147, 154, 155, 156, 158, 159, 161, 162, 175, 179, 181, 183, 184, 186, 187, 189, 193, 197, 198]
r: -0.2 info: 1
s: [61, 63, 73, 104, 137, 147, 154, 155, 156, 158, 159, 161, 162, 175, 179, 181, 183, 184, 186, 187, 189, 193, 195, 197, 198]
r: -0.2 info: 1
s: [58, 61, 63, 73, 104, 137, 147, 154, 155, 156, 158, 159, 161, 162, 175, 179, 181, 183, 184, 186, 187, 189, 193, 195, 197, 198]
r: -0.2 info: 1
s: [58, 61, 63, 73, 104, 137, 147, 154, 155, 156, 158, 159, 161, 162, 175, 179, 181, 183, 184, 186, 187, 189, 191, 193, 195, 197, 198]
r: -0.2 info: 1
s: [58, 61, 63, 73, 104, 137, 147, 154, 155, 156, 158, 159, 161, 162, 175, 179, 181, 183, 184, 186, 187, 189, 191, 193, 195, 197, 198]
r: -0.1 info: -1
s: [58, 61, 63, 73, 104, 137, 147, 154, 155, 156, 158, 159, 161, 162, 175, 179, 181, 183, 184, 186, 187, 189, 191, 193, 195, 197, 198]
r: -0.1 info: -1
s: [58, 61, 63, 73, 104, 137, 147, 154, 155, 156, 158, 159, 161, 162, 175, 179, 181, 183, 184, 186, 187, 189, 191, 193, 195, 197, 198]
r: -2.903789817355573 info: 0.03679429553449154
