s: [22]
r: 0.1 info: 1
s: [22, 49]
r: 0.1 info: 1
s: [22, 35, 49]
r: 0.1 info: 1
s: [22, 35, 49, 102]
r: 0.1 info: 1
s: [16, 22, 35, 49, 102]
r: 0.1 info: 1
s: [16, 22, 35, 49, 65, 102]
r: 0.1 info: 1
s: [16, 22, 35, 49, 65, 102]
r: -0.1 info: -1
s: [6, 16, 22, 35, 49, 65, 102]
r: 0.1 info: 1
s: [6, 16, 22, 35, 49, 52, 65, 102]
r: 0.1 info: 1
s: [6, 16, 22, 35, 49, 52, 65, 66, 102]
r: 0.1 info: 1
s: [6, 16, 22, 35, 49, 52, 65, 66, 97, 102]
r: 0.1 info: 1
s: [6, 10, 16, 22, 35, 49, 52, 65, 66, 97, 102]
r: 0.1 info: 1
s: [6, 10, 16, 22, 35, 49, 52, 65, 66, 97, 98, 102]
r: 0.1 info: 1
s: [6, 10, 16, 22, 35, 49, 52, 55, 65, 66, 97, 98, 102]
r: 0.1 info: 1
s: [6, 10, 16, 22, 25, 35, 49, 52, 55, 65, 66, 97, 98, 102]
r: 0.1 info: 1
s: [6, 10, 16, 22, 25, 35, 40, 49, 52, 55, 65, 66, 97, 98, 102]
r: 0.1 info: 1
s: [6, 10, 16, 22, 25, 33, 35, 40, 49, 52, 55, 65, 66, 97, 98, 102]
r: 0.1 info: 1
s: [6, 10, 16, 22, 25, 33, 35, 40, 42, 49, 52, 55, 65, 66, 97, 98, 102]
r: 0.1 info: 1
s: [6, 10, 13, 16, 22, 25, 33, 35, 40, 42, 49, 52, 55, 65, 66, 97, 98, 102]
r: 0.1 info: 1
s: [6, 10, 13, 16, 22, 25, 33, 35, 40, 42, 46, 49, 52, 55, 65, 66, 97, 98, 102]
r: 0.1 info: 1
s: [6, 10, 13, 16, 22, 25, 33, 35, 40, 42, 46, 49, 52, 55, 65, 66, 84, 97, 98, 102]
r: 0.1 info: 1
s: [6, 10, 13, 16, 22, 25, 33, 35, 40, 42, 46, 49, 52, 55, 65, 66, 84, 97, 98, 102]
r: -0.1 info: -1
s: [6, 10, 13, 15, 16, 22, 25, 33, 35, 40, 42, 46, 49, 52, 55, 65, 66, 84, 97, 98, 102]
r: 0.1 info: 1
s: [6, 10, 13, 15, 16, 22, 25, 33, 35, 40, 42, 46, 49, 52, 55, 65, 66, 84, 97, 98, 99, 102]
r: 0.1 info: 1
s: [6, 10, 13, 15, 16, 22, 25, 33, 35, 40, 42, 46, 49, 52, 55, 65, 66, 84, 97, 98, 99, 102]
r: -0.1 info: -1
s: [6, 10, 13, 15, 16, 22, 25, 33, 35, 40, 42, 43, 46, 49, 52, 55, 65, 66, 84, 97, 98, 99, 102]
r: 0.1 info: 1
s: [6, 10, 13, 15, 16, 22, 25, 33, 35, 40, 42, 43, 46, 49, 52, 55, 65, 66, 67, 84, 97, 98, 99, 102]
r: 0.1 info: 1
s: [6, 10, 13, 15, 16, 22, 25, 33, 35, 40, 42, 43, 46, 49, 52, 55, 65, 66, 67, 84, 97, 98, 99, 102]
r: -0.1 info: -1
s: [6, 10, 13, 15, 16, 22, 25, 30, 33, 35, 40, 42, 43, 46, 49, 52, 55, 65, 66, 67, 84, 97, 98, 99, 102]
r: 0.1 info: 1
s: [6, 10, 13, 15, 16, 22, 25, 30, 33, 35, 40, 42, 43, 46, 49, 52, 55, 61, 65, 66, 67, 84, 97, 98, 99, 102]
r: 0.1 info: 1
s: [6, 10, 13, 15, 16, 22, 25, 30, 33, 35, 40, 42, 43, 46, 49, 52, 55, 61, 65, 66, 67, 84, 97, 98, 99, 102]
r: -11.516524152830243 info: 0.5576113583520055
