s: [79]
r: -0.2 info: 1
s: [79, 187]
r: -0.2 info: 1
s: [79, 187]
r: -0.1 info: -1
s: [79, 187, 193]
r: -0.2 info: 1
s: [79, 187, 192, 193]
r: -0.2 info: 1
s: [79, 82, 187, 192, 193]
r: -0.2 info: 1
s: [79, 82, 183, 187, 192, 193]
r: -0.2 info: 1
s: [79, 82, 147, 183, 187, 192, 193]
r: -0.2 info: 1
s: [79, 82, 147, 183, 187, 192, 193]
r: -0.1 info: -1
s: [79, 82, 129, 147, 183, 187, 192, 193]
r: -0.2 info: 1
s: [79, 82, 129, 147, 183, 187, 192, 193, 194]
r: -0.2 info: 1
s: [79, 82, 129, 147, 161, 183, 187, 192, 193, 194]
r: -0.2 info: 1
s: [79, 82, 129, 147, 161, 183, 187, 192, 193, 194]
r: -0.1 info: -1
s: [79, 82, 129, 147, 161, 183, 187, 192, 193, 194, 197]
r: -0.2 info: 1
s: [79, 82, 129, 147, 161, 183, 187, 192, 193, 194, 197, 198]
r: -0.2 info: 1
s: [79, 82, 129, 147, 158, 161, 183, 187, 192, 193, 194, 197, 198]
r: -0.2 info: 1
s: [79, 82, 129, 147, 158, 161, 182, 183, 187, 192, 193, 194, 197, 198]
r: -0.2 info: 1
s: [75, 79, 82, 129, 147, 158, 161, 182, 183, 187, 192, 193, 194, 197, 198]
r: -0.2 info: 1
s: [75, 79, 82, 129, 147, 158, 161, 182, 183, 187, 189, 192, 193, 194, 197, 198]
r: -0.2 info: 1
s: [75, 79, 82, 129, 147, 158, 161, 166, 182, 183, 187, 189, 192, 193, 194, 197, 198]
r: -0.2 info: 1
s: [75, 79, 82, 129, 141, 147, 158, 161, 166, 182, 183, 187, 189, 192, 193, 194, 197, 198]
r: -0.2 info: 1
s: [75, 79, 82, 129, 141, 147, 158, 161, 166, 182, 183, 187, 189, 192, 193, 194, 197, 198]
r: -0.1 info: -1
s: [75, 79, 82, 110, 129, 141, 147, 158, 161, 166, 182, 183, 187, 189, 192, 193, 194, 197, 198]
r: -0.2 info: 1
s: [75, 79, 82, 110, 129, 141, 147, 158, 161, 166, 172, 182, 183, 187, 189, 192, 193, 194, 197, 198]
r: -0.2 info: 1
s: [75, 79, 82, 94, 110, 129, 141, 147, 158, 161, 166, 172, 182, 183, 187, 189, 192, 193, 194, 197, 198]
r: -0.2 info: 1
s: [75, 79, 82, 94, 110, 129, 141, 147, 158, 161, 166, 171, 172, 182, 183, 187, 189, 192, 193, 194, 197, 198]
r: -0.2 info: 1
s: [75, 79, 82, 94, 110, 129, 141, 147, 158, 161, 166, 171, 172, 182, 183, 187, 189, 192, 193, 194, 197, 198]
r: -0.1 info: -1
s: [75, 79, 82, 94, 110, 128, 129, 141, 147, 158, 161, 166, 171, 172, 182, 183, 187, 189, 192, 193, 194, 197, 198]
r: -0.2 info: 1
s: [75, 79, 82, 94, 110, 128, 129, 141, 147, 158, 161, 166, 171, 172, 182, 183, 187, 189, 192, 193, 194, 197, 198]
r: -3.579530189745128 info: 0.043475002981722355
