s: [86]
r: 0.1 info: 1
s: [86, 142]
r: 0.1 info: 1
s: [86, 130, 142]
r: 0.1 info: 1
s: [68, 86, 130, 142]
r: 0.1 info: 1
s: [68, 86, 130, 142, 175]
r: 0.1 info: 1
s: [68, 82, 86, 130, 142, 175]
r: 0.1 info: 1
s: [68, 82, 86, 130, 142, 175]
r: -0.1 info: -1
s: [68, 82, 86, 130, 142, 175]
r: -0.1 info: -1
s: [68, 82, 86, 130, 142, 175, 181]
r: 0.1 info: 1
s: [68, 82, 86, 127, 130, 142, 175, 181]
r: 0.1 info: 1
s: [68, 82, 86, 127, 130, 142, 175, 181]
r: -0.1 info: -1
s: [50, 68, 82, 86, 127, 130, 142, 175, 181]
r: 0.1 info: 1
s: [50, 68, 82, 86, 127, 130, 142, 175, 181]
r: -0.1 info: -1
s: [50, 68, 82, 86, 127, 130, 142, 175, 181]
r: -0.1 info: -1
s: [50, 68, 82, 86, 127, 130, 142, 175, 181]
r: -0.1 info: -1
s: [50, 68, 82, 86, 127, 130, 142, 175, 181]
r: -0.1 info: -1
s: [50, 68, 82, 86, 127, 130, 133, 142, 175, 181]
r: 0.1 info: 1
s: [50, 68, 82, 86, 127, 130, 133, 142, 175, 181]
r: -0.1 info: -1
s: [50, 68, 82, 86, 105, 127, 130, 133, 142, 175, 181]
r: 0.1 info: 1
s: [50, 68, 82, 86, 105, 127, 130, 133, 142, 175, 181]
r: -0.1 info: -1
s: [50, 68, 82, 86, 105, 127, 130, 133, 142, 175, 179, 181]
r: 0.1 info: 1
s: [50, 68, 82, 86, 105, 127, 130, 133, 142, 175, 179, 181]
r: -0.1 info: -1
s: [50, 68, 82, 86, 105, 127, 130, 133, 142, 175, 179, 181]
r: -0.1 info: -1
s: [50, 68, 82, 86, 105, 127, 130, 133, 142, 175, 179, 181]
r: -0.1 info: -1
s: [50, 68, 82, 86, 102, 105, 127, 130, 133, 142, 175, 179, 181]
r: 0.1 info: 1
s: [50, 68, 82, 86, 102, 105, 127, 130, 133, 142, 175, 179, 181]
r: -0.1 info: -1
s: [50, 68, 82, 86, 102, 105, 127, 130, 133, 142, 175, 179, 181]
r: -0.1 info: -1
s: [50, 68, 82, 86, 102, 105, 127, 130, 133, 142, 175, 179, 181]
r: -0.1 info: -1
s: [50, 68, 82, 86, 102, 105, 127, 130, 133, 142, 158, 175, 179, 181]
r: 0.1 info: 1
s: [50, 68, 82, 86, 102, 105, 127, 130, 133, 142, 158, 175, 179, 181]
r: 18.76632537205296 info: 0.5232829550222959
