s: [59]
r: 0.1 info: 1
s: [1, 59]
r: 0.1 info: 1
s: [1, 46, 59]
r: 0.1 info: 1
s: [1, 46, 59, 92]
r: 0.1 info: 1
s: [1, 46, 59, 60, 92]
r: 0.1 info: 1
s: [1, 46, 59, 60, 92]
r: -0.1 info: -1
s: [1, 46, 59, 60, 92, 103]
r: 0.1 info: 1
s: [1, 46, 59, 60, 63, 92, 103]
r: 0.1 info: 1
s: [1, 46, 59, 60, 63, 92, 97, 103]
r: 0.1 info: 1
s: [1, 46, 59, 60, 63, 82, 92, 97, 103]
r: 0.1 info: 1
s: [1, 46, 59, 60, 63, 82, 92, 97, 102, 103]
r: 0.1 info: 1
s: [1, 46, 59, 60, 63, 82, 92, 97, 102, 103]
r: -0.1 info: -1
s: [1, 33, 46, 59, 60, 63, 82, 92, 97, 102, 103]
r: 0.1 info: 1
s: [1, 33, 46, 59, 60, 63, 82, 92, 97, 102, 103, 148]
r: 0.1 info: 1
s: [1, 33, 46, 59, 60, 63, 82, 92, 97, 102, 103, 145, 148]
r: 0.1 info: 1
s: [1, 2, 33, 46, 59, 60, 63, 82, 92, 97, 102, 103, 145, 148]
r: 0.1 info: 1
s: [1, 2, 33, 46, 59, 60, 63, 82, 92, 97, 102, 103, 145, 148]
r: -0.1 info: -1
s: [1, 2, 33, 46, 59, 60, 63, 82, 92, 97, 102, 103, 145, 148]
r: -0.1 info: -1
s: [1, 2, 33, 46, 59, 60, 63, 82, 92, 97, 102, 103, 145, 148]
r: -0.1 info: -1
s: [1, 2, 33, 46, 59, 60, 63, 82, 92, 97, 102, 103, 145, 148]
r: -0.1 info: -1
s: [1, 2, 33, 46, 59, 60, 63, 64, 82, 92, 97, 102, 103, 145, 148]
r: 0.1 info: 1
s: [1, 2, 33, 46, 59, 60, 63, 64, 82, 92, 97, 102, 103, 145, 148]
r: -0.1 info: -1
s: [1, 2, 33, 46, 59, 60, 63, 64, 74, 82, 92, 97, 102, 103, 145, 148]
r: 0.1 info: 1
s: [1, 2, 33, 46, 59, 60, 63, 64, 70, 74, 82, 92, 97, 102, 103, 145, 148]
r: 0.1 info: 1
s: [1, 2, 33, 46, 59, 60, 63, 64, 70, 74, 82, 92, 97, 102, 103, 145, 148]
r: -0.1 info: -1
s: [1, 2, 33, 46, 59, 60, 63, 64, 70, 74, 82, 92, 97, 102, 103, 145, 148]
r: -0.1 info: -1
s: [1, 2, 33, 46, 59, 60, 63, 64, 70, 74, 82, 92, 97, 102, 103, 145, 148]
r: -0.1 info: -1
s: [1, 2, 33, 46, 59, 60, 63, 64, 70, 74, 82, 92, 97, 102, 103, 145, 148]
r: -0.1 info: -1
s: [1, 2, 33, 46, 59, 60, 63, 64, 70, 74, 82, 92, 97, 102, 103, 145, 148]
r: -0.1 info: -1
s: [1, 2, 33, 46, 59, 60, 63, 64, 70, 74, 82, 92, 97, 102, 103, 145, 148]
r: -0.1 info: -1
s: [1, 2, 33, 46, 59, 60, 63, 64, 70, 74, 82, 92, 97, 102, 103, 145, 148]
r: -0.1 info: -1
s: [1, 2, 33, 46, 59, 60, 63, 64, 70, 74, 82, 92, 97, 102, 103, 145, 148]
r: -0.1 info: -1
s: [1, 2, 33, 46, 59, 60, 63, 64, 70, 74, 82, 92, 97, 102, 103, 145, 148]
r: -0.1 info: -1
s: [1, 2, 33, 46, 59, 60, 63, 64, 70, 74, 82, 92, 97, 102, 103, 145, 148]
r: -0.1 info: -1
s: [1, 2, 33, 34, 46, 59, 60, 63, 64, 70, 74, 82, 92, 97, 102, 103, 145, 148]
r: 0.1 info: 1
s: [1, 2, 33, 34, 46, 59, 60, 63, 64, 70, 74, 82, 92, 97, 102, 103, 145, 148]
r: -0.1 info: -1
s: [1, 2, 33, 34, 46, 59, 60, 63, 64, 70, 74, 82, 92, 97, 102, 103, 145, 148]
r: -0.1 info: -1
s: [1, 2, 33, 34, 46, 59, 60, 63, 64, 70, 74, 82, 92, 97, 102, 103, 145, 148]
r: 20.4768890826017 info: 0.30844678333960474
