s: [76]
r: 0.1 info: 1
s: [69, 76]
r: 0.1 info: 1
s: [46, 69, 76]
r: 0.1 info: 1
s: [35, 46, 69, 76]
r: 0.1 info: 1
s: [35, 46, 69, 76]
r: -0.1 info: -1
s: [35, 46, 48, 69, 76]
r: 0.1 info: 1
s: [35, 46, 48, 67, 69, 76]
r: 0.1 info: 1
s: [35, 46, 48, 67, 69, 76, 90]
r: 0.1 info: 1
s: [35, 46, 48, 67, 69, 76, 83, 90]
r: 0.1 info: 1
s: [35, 46, 48, 67, 69, 76, 83, 90, 102]
r: 0.1 info: 1
s: [35, 46, 47, 48, 67, 69, 76, 83, 90, 102]
r: 0.1 info: 1
s: [35, 46, 47, 48, 67, 69, 76, 83, 90, 97, 102]
r: 0.1 info: 1
s: [20, 35, 46, 47, 48, 67, 69, 76, 83, 90, 97, 102]
r: 0.1 info: 1
s: [20, 35, 46, 47, 48, 57, 67, 69, 76, 83, 90, 97, 102]
r: 0.1 info: 1
s: [11, 20, 35, 46, 47, 48, 57, 67, 69, 76, 83, 90, 97, 102]
r: 0.1 info: 1
s: [11, 20, 35, 46, 47, 48, 52, 57, 67, 69, 76, 83, 90, 97, 102]
r: 0.1 info: 1
s: [11, 19, 20, 35, 46, 47, 48, 52, 57, 67, 69, 76, 83, 90, 97, 102]
r: 0.1 info: 1
s: [11, 19, 20, 35, 46, 47, 48, 52, 57, 67, 69, 76, 83, 87, 90, 97, 102]
r: 0.1 info: 1
s: [11, 19, 20, 26, 35, 46, 47, 48, 52, 57, 67, 69, 76, 83, 87, 90, 97, 102]
r: 0.1 info: 1
s: [11, 19, 20, 26, 35, 46, 47, 48, 52, 57, 62, 67, 69, 76, 83, 87, 90, 97, 102]
r: 0.1 info: 1
s: [11, 19, 20, 26, 35, 46, 47, 48, 52, 57, 62, 67, 69, 76, 83, 87, 90, 97, 102]
r: -0.1 info: -1
s: [11, 19, 20, 26, 35, 46, 47, 48, 52, 57, 62, 67, 69, 76, 83, 87, 90, 96, 97, 102]
r: 0.1 info: 1
s: [11, 19, 20, 26, 35, 46, 47, 48, 52, 57, 59, 62, 67, 69, 76, 83, 87, 90, 96, 97, 102]
r: 0.1 info: 1
s: [11, 19, 20, 26, 35, 46, 47, 48, 52, 57, 59, 62, 67, 69, 76, 83, 87, 90, 96, 97, 102]
r: -0.1 info: -1
s: [11, 19, 20, 26, 35, 46, 47, 48, 52, 57, 59, 62, 67, 69, 76, 83, 87, 89, 90, 96, 97, 102]
r: 0.1 info: 1
s: [11, 19, 20, 26, 35, 46, 47, 48, 52, 55, 57, 59, 62, 67, 69, 76, 83, 87, 89, 90, 96, 97, 102]
r: 0.1 info: 1
s: [11, 19, 20, 26, 35, 46, 47, 48, 52, 55, 57, 59, 62, 66, 67, 69, 76, 83, 87, 89, 90, 96, 97, 102]
r: 0.1 info: 1
s: [11, 19, 20, 26, 35, 46, 47, 48, 52, 55, 57, 59, 62, 66, 67, 69, 76, 83, 87, 89, 90, 96, 97, 102]
r: -0.1 info: -1
s: [11, 19, 20, 26, 35, 46, 47, 48, 52, 55, 57, 59, 62, 66, 67, 69, 76, 83, 87, 89, 90, 96, 97, 102]
r: -0.1 info: -1
s: [11, 19, 20, 26, 35, 46, 47, 48, 52, 55, 57, 59, 62, 66, 67, 69, 76, 83, 87, 89, 90, 96, 97, 102]
r: -0.1 info: -1
s: [11, 19, 20, 26, 35, 46, 47, 48, 52, 55, 57, 59, 62, 66, 67, 69, 76, 80, 83, 87, 89, 90, 96, 97, 102]
r: 0.1 info: 1
s: [11, 19, 20, 26, 35, 46, 47, 48, 52, 55, 57, 59, 62, 66, 67, 69, 76, 80, 83, 87, 89, 90, 96, 97, 102]
r: -0.1 info: -1
s: [11, 19, 20, 26, 35, 46, 47, 48, 52, 55, 57, 59, 62, 66, 67, 69, 76, 80, 83, 87, 89, 90, 96, 97, 102]
r: -0.1 info: -1
s: [0, 11, 19, 20, 26, 35, 46, 47, 48, 52, 55, 57, 59, 62, 66, 67, 69, 76, 80, 83, 87, 89, 90, 96, 97, 102]
r: 0.1 info: 1
s: [0, 11, 19, 20, 26, 35, 46, 47, 48, 52, 55, 57, 59, 62, 66, 67, 69, 76, 80, 83, 87, 89, 90, 96, 97, 102]
r: -0.1 info: -1
s: [0, 11, 19, 20, 26, 35, 46, 47, 48, 52, 55, 57, 59, 62, 66, 67, 68, 69, 76, 80, 83, 87, 89, 90, 96, 97, 102]
r: 0.1 info: 1
s: [0, 11, 19, 20, 26, 35, 46, 47, 48, 52, 55, 57, 59, 62, 66, 67, 68, 69, 76, 80, 83, 87, 89, 90, 96, 97, 102]
r: -0.1 info: -1
s: [0, 11, 19, 20, 26, 35, 46, 47, 48, 52, 55, 57, 59, 62, 64, 66, 67, 68, 69, 76, 80, 83, 87, 89, 90, 96, 97, 102]
r: 0.1 info: 1
s: [0, 3, 11, 19, 20, 26, 35, 46, 47, 48, 52, 55, 57, 59, 62, 64, 66, 67, 68, 69, 76, 80, 83, 87, 89, 90, 96, 97, 102]
r: 0.1 info: 1
s: [0, 3, 6, 11, 19, 20, 26, 35, 46, 47, 48, 52, 55, 57, 59, 62, 64, 66, 67, 68, 69, 76, 80, 83, 87, 89, 90, 96, 97, 102]
r: 0.1 info: 1
s: [0, 3, 6, 11, 19, 20, 26, 35, 38, 46, 47, 48, 52, 55, 57, 59, 62, 64, 66, 67, 68, 69, 76, 80, 83, 87, 89, 90, 96, 97, 102]
r: 0.1 info: 1
s: [0, 3, 6, 11, 19, 20, 26, 35, 38, 46, 47, 48, 52, 55, 57, 59, 62, 64, 66, 67, 68, 69, 76, 80, 83, 87, 89, 90, 96, 97, 100, 102]
r: 0.1 info: 1
s: [0, 3, 6, 11, 19, 20, 26, 35, 38, 46, 47, 48, 52, 55, 57, 59, 62, 64, 66, 67, 68, 69, 76, 79, 80, 83, 87, 89, 90, 96, 97, 100, 102]
r: 0.1 info: 1
s: [0, 3, 6, 11, 19, 20, 26, 35, 38, 39, 46, 47, 48, 52, 55, 57, 59, 62, 64, 66, 67, 68, 69, 76, 79, 80, 83, 87, 89, 90, 96, 97, 100, 102]
r: 0.1 info: 1
s: [0, 3, 6, 11, 19, 20, 26, 33, 35, 38, 39, 46, 47, 48, 52, 55, 57, 59, 62, 64, 66, 67, 68, 69, 76, 79, 80, 83, 87, 89, 90, 96, 97, 100, 102]
r: 0.1 info: 1
s: [0, 3, 6, 11, 19, 20, 26, 33, 35, 38, 39, 46, 47, 48, 52, 55, 57, 59, 62, 64, 66, 67, 68, 69, 76, 79, 80, 83, 87, 89, 90, 96, 97, 100, 102]
r: -0.1 info: -1
s: [0, 3, 6, 11, 19, 20, 26, 33, 35, 38, 39, 46, 47, 48, 52, 55, 57, 59, 62, 64, 66, 67, 68, 69, 76, 79, 80, 83, 87, 89, 90, 96, 97, 100, 102]
r: -0.1 info: -1
s: [0, 3, 6, 11, 19, 20, 26, 33, 35, 38, 39, 46, 47, 48, 52, 55, 57, 59, 62, 64, 66, 67, 68, 69, 76, 79, 80, 83, 87, 89, 90, 91, 96, 97, 100, 102]
r: 0.1 info: 1
s: [0, 3, 6, 11, 19, 20, 26, 33, 35, 38, 39, 46, 47, 48, 52, 55, 57, 59, 62, 64, 66, 67, 68, 69, 76, 79, 80, 83, 87, 89, 90, 91, 96, 97, 100, 102]
r: -0.1 info: -1
s: [0, 3, 6, 11, 19, 20, 26, 33, 35, 38, 39, 44, 46, 47, 48, 52, 55, 57, 59, 62, 64, 66, 67, 68, 69, 76, 79, 80, 83, 87, 89, 90, 91, 96, 97, 100, 102]
r: 0.1 info: 1
s: [0, 3, 6, 11, 19, 20, 26, 33, 35, 38, 39, 44, 46, 47, 48, 52, 55, 57, 59, 62, 64, 66, 67, 68, 69, 76, 79, 80, 83, 87, 89, 90, 91, 96, 97, 100, 102]
r: -0.1 info: -1
s: [0, 3, 6, 11, 19, 20, 26, 33, 35, 38, 39, 44, 46, 47, 48, 52, 55, 57, 59, 62, 64, 66, 67, 68, 69, 76, 79, 80, 83, 87, 89, 90, 91, 96, 97, 100, 102]
r: -0.1 info: -1
s: [0, 3, 6, 11, 13, 19, 20, 26, 33, 35, 38, 39, 44, 46, 47, 48, 52, 55, 57, 59, 62, 64, 66, 67, 68, 69, 76, 79, 80, 83, 87, 89, 90, 91, 96, 97, 100, 102]
r: 0.1 info: 1
s: [0, 3, 6, 11, 13, 19, 20, 23, 26, 33, 35, 38, 39, 44, 46, 47, 48, 52, 55, 57, 59, 62, 64, 66, 67, 68, 69, 76, 79, 80, 83, 87, 89, 90, 91, 96, 97, 100, 102]
r: 0.1 info: 1
s: [0, 3, 6, 11, 13, 19, 20, 23, 26, 33, 35, 38, 39, 44, 46, 47, 48, 52, 55, 57, 59, 62, 64, 66, 67, 68, 69, 76, 79, 80, 83, 87, 89, 90, 91, 96, 97, 100, 102]
r: -0.1 info: -1
s: [0, 3, 6, 11, 13, 19, 20, 23, 26, 33, 35, 38, 39, 44, 46, 47, 48, 52, 55, 57, 59, 60, 62, 64, 66, 67, 68, 69, 76, 79, 80, 83, 87, 89, 90, 91, 96, 97, 100, 102]
r: 0.1 info: 1
s: [0, 3, 6, 8, 11, 13, 19, 20, 23, 26, 33, 35, 38, 39, 44, 46, 47, 48, 52, 55, 57, 59, 60, 62, 64, 66, 67, 68, 69, 76, 79, 80, 83, 87, 89, 90, 91, 96, 97, 100, 102]
r: 0.1 info: 1
s: [0, 3, 6, 8, 11, 13, 19, 20, 23, 26, 33, 35, 36, 38, 39, 44, 46, 47, 48, 52, 55, 57, 59, 60, 62, 64, 66, 67, 68, 69, 76, 79, 80, 83, 87, 89, 90, 91, 96, 97, 100, 102]
r: 0.1 info: 1
s: [0, 3, 6, 8, 11, 13, 19, 20, 23, 26, 33, 35, 36, 38, 39, 44, 46, 47, 48, 52, 55, 57, 59, 60, 62, 64, 66, 67, 68, 69, 76, 79, 80, 83, 87, 89, 90, 91, 96, 97, 100, 102]
r: -0.1 info: -1
s: [0, 3, 6, 8, 11, 13, 19, 20, 23, 26, 33, 35, 36, 38, 39, 44, 46, 47, 48, 52, 55, 57, 59, 60, 62, 64, 66, 67, 68, 69, 76, 79, 80, 83, 87, 89, 90, 91, 96, 97, 100, 102]
r: -0.1 info: -1
s: [0, 3, 6, 8, 11, 13, 19, 20, 23, 26, 33, 35, 36, 38, 39, 44, 46, 47, 48, 52, 55, 57, 59, 60, 62, 64, 66, 67, 68, 69, 76, 79, 80, 83, 87, 89, 90, 91, 96, 97, 100, 102]
r: -0.1 info: -1
s: [0, 3, 6, 8, 11, 13, 19, 20, 23, 26, 33, 35, 36, 38, 39, 44, 46, 47, 48, 52, 54, 55, 57, 59, 60, 62, 64, 66, 67, 68, 69, 76, 79, 80, 83, 87, 89, 90, 91, 96, 97, 100, 102]
r: 0.1 info: 1
s: [0, 3, 6, 8, 11, 13, 19, 20, 23, 26, 33, 35, 36, 38, 39, 44, 46, 47, 48, 52, 54, 55, 57, 59, 60, 62, 64, 66, 67, 68, 69, 76, 79, 80, 83, 87, 89, 90, 91, 96, 97, 100, 102]
r: -0.1 info: -1
s: [0, 3, 6, 8, 11, 13, 19, 20, 23, 26, 33, 35, 36, 38, 39, 44, 46, 47, 48, 52, 54, 55, 57, 59, 60, 62, 64, 66, 67, 68, 69, 76, 79, 80, 83, 87, 89, 90, 91, 96, 97, 100, 102]
r: -0.1 info: -1
s: [0, 3, 6, 8, 11, 13, 19, 20, 23, 26, 33, 35, 36, 38, 39, 44, 46, 47, 48, 52, 54, 55, 57, 59, 60, 61, 62, 64, 66, 67, 68, 69, 76, 79, 80, 83, 87, 89, 90, 91, 96, 97, 100, 102]
r: 0.1 info: 1
s: [0, 3, 6, 8, 11, 13, 19, 20, 23, 26, 33, 35, 36, 38, 39, 43, 44, 46, 47, 48, 52, 54, 55, 57, 59, 60, 61, 62, 64, 66, 67, 68, 69, 76, 79, 80, 83, 87, 89, 90, 91, 96, 97, 100, 102]
r: 0.1 info: 1
s: [0, 3, 6, 8, 11, 13, 19, 20, 23, 26, 33, 35, 36, 38, 39, 40, 43, 44, 46, 47, 48, 52, 54, 55, 57, 59, 60, 61, 62, 64, 66, 67, 68, 69, 76, 79, 80, 83, 87, 89, 90, 91, 96, 97, 100, 102]
r: 0.1 info: 1
s: [0, 3, 6, 8, 11, 13, 19, 20, 23, 26, 33, 35, 36, 38, 39, 40, 43, 44, 46, 47, 48, 52, 54, 55, 57, 59, 60, 61, 62, 64, 66, 67, 68, 69, 70, 76, 79, 80, 83, 87, 89, 90, 91, 96, 97, 100, 102]
r: 0.1 info: 1
s: [0, 3, 6, 8, 11, 13, 19, 20, 23, 26, 33, 35, 36, 38, 39, 40, 43, 44, 46, 47, 48, 52, 54, 55, 57, 59, 60, 61, 62, 64, 66, 67, 68, 69, 70, 76, 79, 80, 83, 87, 89, 90, 91, 96, 97, 100, 102]
r: -0.1 info: -1
s: [0, 3, 6, 8, 11, 13, 19, 20, 23, 26, 33, 35, 36, 38, 39, 40, 43, 44, 46, 47, 48, 52, 54, 55, 57, 59, 60, 61, 62, 64, 66, 67, 68, 69, 70, 76, 79, 80, 83, 87, 89, 90, 91, 96, 97, 100, 102]
r: -0.1 info: -1
s: [0, 3, 6, 8, 11, 13, 19, 20, 23, 26, 33, 35, 36, 38, 39, 40, 43, 44, 46, 47, 48, 52, 54, 55, 57, 59, 60, 61, 62, 64, 66, 67, 68, 69, 70, 76, 79, 80, 83, 84, 87, 89, 90, 91, 96, 97, 100, 102]
r: 0.1 info: 1
s: [0, 3, 6, 8, 11, 13, 19, 20, 23, 26, 33, 35, 36, 38, 39, 40, 43, 44, 46, 47, 48, 52, 54, 55, 57, 59, 60, 61, 62, 64, 66, 67, 68, 69, 70, 76, 79, 80, 83, 84, 86, 87, 89, 90, 91, 96, 97, 100, 102]
r: 0.1 info: 1
s: [0, 1, 3, 6, 8, 11, 13, 19, 20, 23, 26, 33, 35, 36, 38, 39, 40, 43, 44, 46, 47, 48, 52, 54, 55, 57, 59, 60, 61, 62, 64, 66, 67, 68, 69, 70, 76, 79, 80, 83, 84, 86, 87, 89, 90, 91, 96, 97, 100, 102]
r: 0.1 info: 1
s: [0, 1, 3, 6, 8, 11, 13, 19, 20, 23, 26, 33, 35, 36, 38, 39, 40, 43, 44, 46, 47, 48, 52, 54, 55, 57, 59, 60, 61, 62, 64, 66, 67, 68, 69, 70, 76, 79, 80, 83, 84, 86, 87, 89, 90, 91, 96, 97, 100, 102]
r: -0.1 info: -1
s: [0, 1, 3, 6, 8, 11, 13, 19, 20, 23, 26, 33, 35, 36, 38, 39, 40, 43, 44, 46, 47, 48, 52, 54, 55, 57, 59, 60, 61, 62, 64, 66, 67, 68, 69, 70, 76, 79, 80, 83, 84, 86, 87, 89, 90, 91, 96, 97, 100, 102]
r: -0.1 info: -1
s: [0, 1, 3, 6, 8, 11, 13, 19, 20, 23, 26, 32, 33, 35, 36, 38, 39, 40, 43, 44, 46, 47, 48, 52, 54, 55, 57, 59, 60, 61, 62, 64, 66, 67, 68, 69, 70, 76, 79, 80, 83, 84, 86, 87, 89, 90, 91, 96, 97, 100, 102]
r: 0.1 info: 1
s: [0, 1, 3, 6, 8, 9, 11, 13, 19, 20, 23, 26, 32, 33, 35, 36, 38, 39, 40, 43, 44, 46, 47, 48, 52, 54, 55, 57, 59, 60, 61, 62, 64, 66, 67, 68, 69, 70, 76, 79, 80, 83, 84, 86, 87, 89, 90, 91, 96, 97, 100, 102]
r: 0.1 info: 1
s: [0, 1, 3, 6, 8, 9, 11, 13, 19, 20, 23, 26, 32, 33, 35, 36, 38, 39, 40, 43, 44, 46, 47, 48, 52, 54, 55, 57, 59, 60, 61, 62, 64, 66, 67, 68, 69, 70, 76, 79, 80, 83, 84, 86, 87, 89, 90, 91, 96, 97, 100, 102]
r: -0.1 info: -1
s: [0, 1, 3, 6, 8, 9, 11, 13, 19, 20, 23, 26, 32, 33, 35, 36, 38, 39, 40, 43, 44, 46, 47, 48, 52, 54, 55, 57, 59, 60, 61, 62, 64, 66, 67, 68, 69, 70, 76, 79, 80, 83, 84, 86, 87, 89, 90, 91, 96, 97, 100, 102]
r: -0.1 info: -1
s: [0, 1, 3, 5, 6, 8, 9, 11, 13, 19, 20, 23, 26, 32, 33, 35, 36, 38, 39, 40, 43, 44, 46, 47, 48, 52, 54, 55, 57, 59, 60, 61, 62, 64, 66, 67, 68, 69, 70, 76, 79, 80, 83, 84, 86, 87, 89, 90, 91, 96, 97, 100, 102]
r: 0.1 info: 1
s: [0, 1, 3, 5, 6, 8, 9, 11, 13, 19, 20, 22, 23, 26, 32, 33, 35, 36, 38, 39, 40, 43, 44, 46, 47, 48, 52, 54, 55, 57, 59, 60, 61, 62, 64, 66, 67, 68, 69, 70, 76, 79, 80, 83, 84, 86, 87, 89, 90, 91, 96, 97, 100, 102]
r: 0.1 info: 1
s: [0, 1, 3, 5, 6, 8, 9, 11, 13, 19, 20, 22, 23, 26, 32, 33, 35, 36, 38, 39, 40, 43, 44, 46, 47, 48, 52, 54, 55, 57, 59, 60, 61, 62, 64, 65, 66, 67, 68, 69, 70, 76, 79, 80, 83, 84, 86, 87, 89, 90, 91, 96, 97, 100, 102]
r: 0.1 info: 1
s: [0, 1, 3, 5, 6, 8, 9, 11, 13, 19, 20, 22, 23, 26, 32, 33, 35, 36, 38, 39, 40, 43, 44, 46, 47, 48, 52, 54, 55, 57, 59, 60, 61, 62, 64, 65, 66, 67, 68, 69, 70, 76, 77, 79, 80, 83, 84, 86, 87, 89, 90, 91, 96, 97, 100, 102]
r: 0.1 info: 1
s: [0, 1, 3, 5, 6, 8, 9, 11, 13, 16, 19, 20, 22, 23, 26, 32, 33, 35, 36, 38, 39, 40, 43, 44, 46, 47, 48, 52, 54, 55, 57, 59, 60, 61, 62, 64, 65, 66, 67, 68, 69, 70, 76, 77, 79, 80, 83, 84, 86, 87, 89, 90, 91, 96, 97, 100, 102]
r: 0.1 info: 1
s: [0, 1, 3, 5, 6, 8, 9, 11, 13, 16, 19, 20, 22, 23, 26, 32, 33, 35, 36, 38, 39, 40, 43, 44, 46, 47, 48, 52, 54, 55, 56, 57, 59, 60, 61, 62, 64, 65, 66, 67, 68, 69, 70, 76, 77, 79, 80, 83, 84, 86, 87, 89, 90, 91, 96, 97, 100, 102]
r: 0.1 info: 1
s: [0, 1, 3, 5, 6, 8, 9, 11, 13, 16, 19, 20, 22, 23, 26, 32, 33, 35, 36, 38, 39, 40, 43, 44, 46, 47, 48, 52, 54, 55, 56, 57, 59, 60, 61, 62, 64, 65, 66, 67, 68, 69, 70, 76, 77, 79, 80, 83, 84, 86, 87, 89, 90, 91, 96, 97, 100, 102]
r: -0.1 info: -1
s: [0, 1, 3, 5, 6, 8, 9, 11, 13, 16, 19, 20, 22, 23, 26, 32, 33, 35, 36, 38, 39, 40, 43, 44, 46, 47, 48, 52, 54, 55, 56, 57, 59, 60, 61, 62, 64, 65, 66, 67, 68, 69, 70, 76, 77, 79, 80, 83, 84, 86, 87, 89, 90, 91, 96, 97, 100, 102]
r: -0.1 info: -1
s: [0, 1, 3, 5, 6, 8, 9, 11, 13, 16, 19, 20, 22, 23, 26, 32, 33, 35, 36, 38, 39, 40, 43, 44, 46, 47, 48, 52, 54, 55, 56, 57, 59, 60, 61, 62, 64, 65, 66, 67, 68, 69, 70, 71, 76, 77, 79, 80, 83, 84, 86, 87, 89, 90, 91, 96, 97, 100, 102]
r: 0.1 info: 1
s: [0, 1, 3, 5, 6, 8, 9, 10, 11, 13, 16, 19, 20, 22, 23, 26, 32, 33, 35, 36, 38, 39, 40, 43, 44, 46, 47, 48, 52, 54, 55, 56, 57, 59, 60, 61, 62, 64, 65, 66, 67, 68, 69, 70, 71, 76, 77, 79, 80, 83, 84, 86, 87, 89, 90, 91, 96, 97, 100, 102]
r: 0.1 info: 1
s: [0, 1, 3, 5, 6, 8, 9, 10, 11, 13, 16, 19, 20, 22, 23, 26, 32, 33, 35, 36, 38, 39, 40, 43, 44, 46, 47, 48, 52, 54, 55, 56, 57, 59, 60, 61, 62, 63, 64, 65, 66, 67, 68, 69, 70, 71, 76, 77, 79, 80, 83, 84, 86, 87, 89, 90, 91, 96, 97, 100, 102]
r: 0.1 info: 1
s: [0, 1, 3, 5, 6, 8, 9, 10, 11, 13, 16, 19, 20, 22, 23, 26, 32, 33, 35, 36, 38, 39, 40, 43, 44, 46, 47, 48, 52, 54, 55, 56, 57, 59, 60, 61, 62, 63, 64, 65, 66, 67, 68, 69, 70, 71, 76, 77, 79, 80, 83, 84, 86, 87, 89, 90, 91, 96, 97, 100, 102]
r: -0.1 info: -1
s: [0, 1, 3, 5, 6, 8, 9, 10, 11, 13, 16, 19, 20, 22, 23, 26, 32, 33, 35, 36, 38, 39, 40, 43, 44, 46, 47, 48, 52, 54, 55, 56, 57, 59, 60, 61, 62, 63, 64, 65, 66, 67, 68, 69, 70, 71, 76, 77, 79, 80, 83, 84, 86, 87, 89, 90, 91, 96, 97, 100, 102]
r: -0.1 info: -1
s: [0, 1, 3, 5, 6, 8, 9, 10, 11, 13, 16, 19, 20, 22, 23, 26, 32, 33, 35, 36, 38, 39, 40, 43, 44, 46, 47, 48, 52, 54, 55, 56, 57, 59, 60, 61, 62, 63, 64, 65, 66, 67, 68, 69, 70, 71, 76, 77, 79, 80, 83, 84, 86, 87, 89, 90, 91, 96, 97, 100, 102]
r: -0.1 info: -1
s: [0, 1, 3, 5, 6, 8, 9, 10, 11, 13, 16, 19, 20, 22, 23, 26, 32, 33, 35, 36, 38, 39, 40, 43, 44, 46, 47, 48, 52, 54, 55, 56, 57, 59, 60, 61, 62, 63, 64, 65, 66, 67, 68, 69, 70, 71, 76, 77, 79, 80, 83, 84, 86, 87, 89, 90, 91, 96, 97, 100, 102]
r: -0.1 info: -1
s: [0, 1, 3, 5, 6, 8, 9, 10, 11, 13, 16, 19, 20, 22, 23, 26, 32, 33, 35, 36, 38, 39, 40, 43, 44, 46, 47, 48, 52, 54, 55, 56, 57, 59, 60, 61, 62, 63, 64, 65, 66, 67, 68, 69, 70, 71, 76, 77, 79, 80, 83, 84, 86, 87, 89, 90, 91, 96, 97, 100, 102]
r: -0.1 info: -1
s: [0, 1, 3, 5, 6, 8, 9, 10, 11, 13, 16, 19, 20, 22, 23, 26, 32, 33, 35, 36, 38, 39, 40, 43, 44, 46, 47, 48, 52, 54, 55, 56, 57, 59, 60, 61, 62, 63, 64, 65, 66, 67, 68, 69, 70, 71, 76, 77, 79, 80, 83, 84, 86, 87, 89, 90, 91, 96, 97, 100, 102]
r: -0.1 info: -1
s: [0, 1, 3, 5, 6, 8, 9, 10, 11, 13, 15, 16, 19, 20, 22, 23, 26, 32, 33, 35, 36, 38, 39, 40, 43, 44, 46, 47, 48, 52, 54, 55, 56, 57, 59, 60, 61, 62, 63, 64, 65, 66, 67, 68, 69, 70, 71, 76, 77, 79, 80, 83, 84, 86, 87, 89, 90, 91, 96, 97, 100, 102]
r: 0.1 info: 1
s: [0, 1, 2, 3, 5, 6, 8, 9, 10, 11, 13, 15, 16, 19, 20, 22, 23, 26, 32, 33, 35, 36, 38, 39, 40, 43, 44, 46, 47, 48, 52, 54, 55, 56, 57, 59, 60, 61, 62, 63, 64, 65, 66, 67, 68, 69, 70, 71, 76, 77, 79, 80, 83, 84, 86, 87, 89, 90, 91, 96, 97, 100, 102]
r: 0.1 info: 1
s: [0, 1, 2, 3, 5, 6, 8, 9, 10, 11, 13, 15, 16, 19, 20, 22, 23, 26, 32, 33, 35, 36, 38, 39, 40, 43, 44, 46, 47, 48, 52, 54, 55, 56, 57, 59, 60, 61, 62, 63, 64, 65, 66, 67, 68, 69, 70, 71, 76, 77, 78, 79, 80, 83, 84, 86, 87, 89, 90, 91, 96, 97, 100, 102]
r: 0.1 info: 1
s: [0, 1, 2, 3, 5, 6, 8, 9, 10, 11, 13, 15, 16, 19, 20, 22, 23, 26, 32, 33, 35, 36, 38, 39, 40, 43, 44, 46, 47, 48, 52, 54, 55, 56, 57, 59, 60, 61, 62, 63, 64, 65, 66, 67, 68, 69, 70, 71, 76, 77, 78, 79, 80, 83, 84, 86, 87, 89, 90, 91, 96, 97, 100, 102]
r: -0.1 info: -1
s: [0, 1, 2, 3, 5, 6, 8, 9, 10, 11, 12, 13, 15, 16, 19, 20, 22, 23, 26, 32, 33, 35, 36, 38, 39, 40, 43, 44, 46, 47, 48, 52, 54, 55, 56, 57, 59, 60, 61, 62, 63, 64, 65, 66, 67, 68, 69, 70, 71, 76, 77, 78, 79, 80, 83, 84, 86, 87, 89, 90, 91, 96, 97, 100, 102]
r: 0.1 info: 1
s: [0, 1, 2, 3, 5, 6, 8, 9, 10, 11, 12, 13, 15, 16, 19, 20, 22, 23, 24, 26, 32, 33, 35, 36, 38, 39, 40, 43, 44, 46, 47, 48, 52, 54, 55, 56, 57, 59, 60, 61, 62, 63, 64, 65, 66, 67, 68, 69, 70, 71, 76, 77, 78, 79, 80, 83, 84, 86, 87, 89, 90, 91, 96, 97, 100, 102]
r: 0.1 info: 1
s: [0, 1, 2, 3, 5, 6, 8, 9, 10, 11, 12, 13, 15, 16, 19, 20, 22, 23, 24, 26, 32, 33, 35, 36, 38, 39, 40, 43, 44, 46, 47, 48, 52, 54, 55, 56, 57, 59, 60, 61, 62, 63, 64, 65, 66, 67, 68, 69, 70, 71, 76, 77, 78, 79, 80, 83, 84, 86, 87, 89, 90, 91, 92, 96, 97, 100, 102]
r: 0.1 info: 1
s: [0, 1, 2, 3, 5, 6, 8, 9, 10, 11, 12, 13, 15, 16, 19, 20, 22, 23, 24, 26, 32, 33, 35, 36, 38, 39, 40, 43, 44, 46, 47, 48, 52, 54, 55, 56, 57, 59, 60, 61, 62, 63, 64, 65, 66, 67, 68, 69, 70, 71, 76, 77, 78, 79, 80, 83, 84, 86, 87, 89, 90, 91, 92, 96, 97, 100, 102]
r: -0.1 info: -1
s: [0, 1, 2, 3, 5, 6, 8, 9, 10, 11, 12, 13, 15, 16, 19, 20, 22, 23, 24, 26, 28, 32, 33, 35, 36, 38, 39, 40, 43, 44, 46, 47, 48, 52, 54, 55, 56, 57, 59, 60, 61, 62, 63, 64, 65, 66, 67, 68, 69, 70, 71, 76, 77, 78, 79, 80, 83, 84, 86, 87, 89, 90, 91, 92, 96, 97, 100, 102]
r: 0.1 info: 1
s: [0, 1, 2, 3, 5, 6, 8, 9, 10, 11, 12, 13, 15, 16, 19, 20, 22, 23, 24, 26, 28, 32, 33, 35, 36, 38, 39, 40, 43, 44, 46, 47, 48, 52, 54, 55, 56, 57, 59, 60, 61, 62, 63, 64, 65, 66, 67, 68, 69, 70, 71, 76, 77, 78, 79, 80, 83, 84, 86, 87, 89, 90, 91, 92, 96, 97, 100, 102]
r: -0.1 info: -1
s: [0, 1, 2, 3, 5, 6, 8, 9, 10, 11, 12, 13, 15, 16, 19, 20, 22, 23, 24, 26, 28, 32, 33, 35, 36, 38, 39, 40, 43, 44, 46, 47, 48, 52, 54, 55, 56, 57, 59, 60, 61, 62, 63, 64, 65, 66, 67, 68, 69, 70, 71, 76, 77, 78, 79, 80, 83, 84, 86, 87, 89, 90, 91, 92, 96, 97, 100, 102]
r: -0.1 info: -1
s: [0, 1, 2, 3, 5, 6, 8, 9, 10, 11, 12, 13, 15, 16, 19, 20, 22, 23, 24, 26, 28, 32, 33, 35, 36, 38, 39, 40, 43, 44, 46, 47, 48, 52, 54, 55, 56, 57, 59, 60, 61, 62, 63, 64, 65, 66, 67, 68, 69, 70, 71, 76, 77, 78, 79, 80, 83, 84, 86, 87, 89, 90, 91, 92, 96, 97, 100, 102]
r: -0.1 info: -1
s: [0, 1, 2, 3, 5, 6, 8, 9, 10, 11, 12, 13, 15, 16, 19, 20, 22, 23, 24, 26, 28, 32, 33, 35, 36, 38, 39, 40, 43, 44, 46, 47, 48, 52, 54, 55, 56, 57, 59, 60, 61, 62, 63, 64, 65, 66, 67, 68, 69, 70, 71, 76, 77, 78, 79, 80, 83, 84, 86, 87, 89, 90, 91, 92, 96, 97, 100, 102]
r: -0.1 info: -1
s: [0, 1, 2, 3, 5, 6, 8, 9, 10, 11, 12, 13, 14, 15, 16, 19, 20, 22, 23, 24, 26, 28, 32, 33, 35, 36, 38, 39, 40, 43, 44, 46, 47, 48, 52, 54, 55, 56, 57, 59, 60, 61, 62, 63, 64, 65, 66, 67, 68, 69, 70, 71, 76, 77, 78, 79, 80, 83, 84, 86, 87, 89, 90, 91, 92, 96, 97, 100, 102]
r: 0.1 info: 1
s: [0, 1, 2, 3, 5, 6, 8, 9, 10, 11, 12, 13, 14, 15, 16, 19, 20, 22, 23, 24, 26, 28, 32, 33, 35, 36, 38, 39, 40, 43, 44, 46, 47, 48, 52, 54, 55, 56, 57, 59, 60, 61, 62, 63, 64, 65, 66, 67, 68, 69, 70, 71, 76, 77, 78, 79, 80, 83, 84, 86, 87, 89, 90, 91, 92, 96, 97, 100, 102]
r: -0.1 info: -1
s: [0, 1, 2, 3, 5, 6, 8, 9, 10, 11, 12, 13, 14, 15, 16, 19, 20, 22, 23, 24, 26, 28, 32, 33, 35, 36, 38, 39, 40, 43, 44, 46, 47, 48, 52, 54, 55, 56, 57, 59, 60, 61, 62, 63, 64, 65, 66, 67, 68, 69, 70, 71, 76, 77, 78, 79, 80, 83, 84, 86, 87, 89, 90, 91, 92, 96, 97, 100, 102]
r: -0.1 info: -1
s: [0, 1, 2, 3, 5, 6, 8, 9, 10, 11, 12, 13, 14, 15, 16, 19, 20, 22, 23, 24, 26, 28, 32, 33, 35, 36, 38, 39, 40, 43, 44, 46, 47, 48, 52, 54, 55, 56, 57, 59, 60, 61, 62, 63, 64, 65, 66, 67, 68, 69, 70, 71, 76, 77, 78, 79, 80, 83, 84, 86, 87, 89, 90, 91, 92, 96, 97, 100, 102]
r: -0.1 info: -1
s: [0, 1, 2, 3, 5, 6, 8, 9, 10, 11, 12, 13, 14, 15, 16, 19, 20, 22, 23, 24, 26, 28, 32, 33, 35, 36, 38, 39, 40, 43, 44, 46, 47, 48, 52, 54, 55, 56, 57, 59, 60, 61, 62, 63, 64, 65, 66, 67, 68, 69, 70, 71, 76, 77, 78, 79, 80, 83, 84, 86, 87, 89, 90, 91, 92, 96, 97, 100, 102]
r: -0.1 info: -1
s: [0, 1, 2, 3, 5, 6, 8, 9, 10, 11, 12, 13, 14, 15, 16, 19, 20, 22, 23, 24, 26, 28, 32, 33, 35, 36, 38, 39, 40, 43, 44, 46, 47, 48, 52, 54, 55, 56, 57, 59, 60, 61, 62, 63, 64, 65, 66, 67, 68, 69, 70, 71, 76, 77, 78, 79, 80, 83, 84, 86, 87, 89, 90, 91, 92, 96, 97, 100, 102]
r: -0.1 info: -1
s: [0, 1, 2, 3, 5, 6, 8, 9, 10, 11, 12, 13, 14, 15, 16, 19, 20, 22, 23, 24, 26, 28, 32, 33, 35, 36, 38, 39, 40, 43, 44, 46, 47, 48, 52, 54, 55, 56, 57, 59, 60, 61, 62, 63, 64, 65, 66, 67, 68, 69, 70, 71, 76, 77, 78, 79, 80, 83, 84, 86, 87, 89, 90, 91, 92, 96, 97, 100, 102]
r: -0.1 info: -1
s: [0, 1, 2, 3, 5, 6, 8, 9, 10, 11, 12, 13, 14, 15, 16, 19, 20, 22, 23, 24, 26, 28, 32, 33, 35, 36, 38, 39, 40, 43, 44, 46, 47, 48, 52, 54, 55, 56, 57, 59, 60, 61, 62, 63, 64, 65, 66, 67, 68, 69, 70, 71, 76, 77, 78, 79, 80, 83, 84, 86, 87, 89, 90, 91, 92, 96, 97, 99, 100, 102]
r: 0.1 info: 1
s: [0, 1, 2, 3, 5, 6, 8, 9, 10, 11, 12, 13, 14, 15, 16, 19, 20, 22, 23, 24, 26, 28, 32, 33, 35, 36, 38, 39, 40, 43, 44, 46, 47, 48, 52, 54, 55, 56, 57, 59, 60, 61, 62, 63, 64, 65, 66, 67, 68, 69, 70, 71, 76, 77, 78, 79, 80, 83, 84, 85, 86, 87, 89, 90, 91, 92, 96, 97, 99, 100, 102]
r: 0.1 info: 1
s: [0, 1, 2, 3, 5, 6, 8, 9, 10, 11, 12, 13, 14, 15, 16, 19, 20, 22, 23, 24, 26, 28, 32, 33, 35, 36, 38, 39, 40, 43, 44, 46, 47, 48, 52, 54, 55, 56, 57, 59, 60, 61, 62, 63, 64, 65, 66, 67, 68, 69, 70, 71, 76, 77, 78, 79, 80, 83, 84, 85, 86, 87, 89, 90, 91, 92, 96, 97, 99, 100, 102]
r: -0.1 info: -1
s: [0, 1, 2, 3, 5, 6, 8, 9, 10, 11, 12, 13, 14, 15, 16, 19, 20, 22, 23, 24, 26, 28, 32, 33, 35, 36, 38, 39, 40, 43, 44, 46, 47, 48, 52, 54, 55, 56, 57, 59, 60, 61, 62, 63, 64, 65, 66, 67, 68, 69, 70, 71, 76, 77, 78, 79, 80, 83, 84, 85, 86, 87, 89, 90, 91, 92, 96, 97, 99, 100, 102]
r: -1.2146241031587124 info: 0.116602195892483
