s: [16]
r: 0.1 info: 1
s: [16, 74]
r: 0.1 info: 1
s: [16, 23, 74]
r: 0.1 info: 1
s: [16, 23, 51, 74]
r: 0.1 info: 1
s: [16, 23, 33, 51, 74]
r: 0.1 info: 1
s: [16, 23, 33, 51, 74]
r: -0.1 info: -1
s: [16, 23, 33, 51, 74]
r: -0.1 info: -1
s: [16, 23, 33, 51, 74, 86]
r: 0.1 info: 1
s: [16, 23, 33, 51, 74, 86]
r: -0.1 info: -1
s: [16, 23, 33, 51, 74, 86]
r: -0.1 info: -1
s: [16, 23, 33, 51, 74, 86]
r: -0.1 info: -1
s: [16, 23, 33, 51, 74, 86]
r: -0.1 info: -1
s: [16, 23, 33, 51, 74, 86, 196]
r: 0.1 info: 1
s: [16, 23, 33, 51, 74, 76, 86, 196]
r: 0.1 info: 1
s: [16, 23, 33, 51, 74, 76, 86, 196]
r: -0.1 info: -1
s: [16, 23, 33, 51, 74, 76, 86, 99, 196]
r: 0.1 info: 1
s: [16, 17, 23, 33, 51, 74, 76, 86, 99, 196]
r: 0.1 info: 1
s: [16, 17, 23, 33, 44, 51, 74, 76, 86, 99, 196]
r: 0.1 info: 1
s: [16, 17, 23, 33, 44, 51, 74, 76, 86, 99, 196]
r: 6.296065432252362 info: 0.14898007799638435
