s: [180]
r: -0.1 info: 1
s: [180]
r: -0.1 info: -1
s: [79, 180]
r: -0.1 info: 1
s: [79, 121, 180]
r: -0.1 info: 1
s: [79, 121, 180]
r: -0.1 info: -1
s: [79, 121, 175, 180]
r: -0.1 info: 1
s: [79, 121, 175, 180]
r: -0.1 info: -1
s: [79, 100, 121, 175, 180]
r: -0.1 info: 1
s: [79, 100, 121, 175, 178, 180]
r: -0.1 info: 1
s: [79, 100, 121, 170, 175, 178, 180]
r: -0.1 info: 1
s: [79, 100, 121, 170, 175, 178, 180, 181]
r: -0.1 info: 1
s: [79, 100, 121, 170, 173, 175, 178, 180, 181]
r: -0.1 info: 1
s: [79, 100, 121, 170, 173, 175, 178, 180, 181, 195]
r: -0.1 info: 1
s: [79, 100, 121, 170, 173, 175, 178, 180, 181, 195]
r: -0.1 info: -1
s: [79, 100, 121, 161, 170, 173, 175, 178, 180, 181, 195]
r: -0.1 info: 1
s: [79, 100, 121, 161, 170, 173, 175, 178, 180, 181, 192, 195]
r: -0.1 info: 1
s: [79, 100, 121, 161, 170, 173, 175, 178, 180, 181, 192, 195]
r: -0.1 info: -1
s: [79, 100, 105, 121, 161, 170, 173, 175, 178, 180, 181, 192, 195]
r: -0.1 info: 1
s: [79, 100, 105, 121, 161, 170, 173, 175, 178, 180, 181, 192, 195]
r: -0.1 info: -1
s: [79, 100, 105, 121, 161, 170, 172, 173, 175, 178, 180, 181, 192, 195]
r: -0.1 info: 1
s: [79, 100, 105, 121, 155, 161, 170, 172, 173, 175, 178, 180, 181, 192, 195]
r: -0.1 info: 1
s: [79, 100, 105, 121, 155, 161, 170, 172, 173, 175, 178, 180, 181, 192, 195, 197]
r: -0.1 info: 1
s: [79, 99, 100, 105, 121, 155, 161, 170, 172, 173, 175, 178, 180, 181, 192, 195, 197]
r: -0.1 info: 1
s: [79, 99, 100, 105, 121, 155, 161, 170, 172, 173, 175, 178, 180, 181, 182, 192, 195, 197]
r: -0.1 info: 1
s: [79, 91, 99, 100, 105, 121, 155, 161, 170, 172, 173, 175, 178, 180, 181, 182, 192, 195, 197]
r: -0.1 info: 1
s: [79, 91, 99, 100, 105, 121, 155, 161, 170, 172, 173, 175, 178, 180, 181, 182, 192, 195, 197, 198]
r: -0.1 info: 1
s: [79, 91, 99, 100, 105, 121, 155, 161, 170, 172, 173, 175, 178, 180, 181, 182, 192, 195, 197, 198]
r: -0.1 info: -1
s: [63, 79, 91, 99, 100, 105, 121, 155, 161, 170, 172, 173, 175, 178, 180, 181, 182, 192, 195, 197, 198]
r: -0.1 info: 1
s: [63, 79, 91, 99, 100, 105, 112, 121, 155, 161, 170, 172, 173, 175, 178, 180, 181, 182, 192, 195, 197, 198]
r: -0.1 info: 1
s: [63, 79, 91, 99, 100, 105, 112, 121, 155, 161, 165, 170, 172, 173, 175, 178, 180, 181, 182, 192, 195, 197, 198]
r: -0.1 info: 1
s: [63, 79, 91, 99, 100, 105, 112, 121, 130, 155, 161, 165, 170, 172, 173, 175, 178, 180, 181, 182, 192, 195, 197, 198]
r: -0.1 info: 1
s: [63, 79, 91, 99, 100, 105, 112, 121, 130, 155, 161, 163, 165, 170, 172, 173, 175, 178, 180, 181, 182, 192, 195, 197, 198]
r: -0.1 info: 1
s: [63, 79, 91, 99, 100, 105, 112, 121, 130, 155, 161, 163, 165, 170, 172, 173, 175, 178, 180, 181, 182, 187, 192, 195, 197, 198]
r: -0.1 info: 1
s: [63, 79, 91, 99, 100, 105, 112, 121, 130, 155, 161, 163, 165, 170, 172, 173, 175, 178, 180, 181, 182, 186, 187, 192, 195, 197, 198]
r: -0.1 info: 1
s: [63, 79, 91, 99, 100, 105, 112, 121, 130, 155, 161, 163, 165, 170, 172, 173, 175, 178, 180, 181, 182, 186, 187, 192, 195, 197, 198]
r: -0.1 info: -1
s: [63, 79, 91, 99, 100, 105, 112, 121, 130, 155, 159, 161, 163, 165, 170, 172, 173, 175, 178, 180, 181, 182, 186, 187, 192, 195, 197, 198]
r: -0.1 info: 1
s: [63, 79, 91, 99, 100, 105, 112, 121, 127, 130, 155, 159, 161, 163, 165, 170, 172, 173, 175, 178, 180, 181, 182, 186, 187, 192, 195, 197, 198]
r: -0.1 info: 1
s: [63, 79, 91, 99, 100, 105, 112, 121, 127, 130, 155, 159, 161, 163, 165, 170, 172, 173, 175, 178, 180, 181, 182, 186, 187, 192, 195, 196, 197, 198]
r: -0.1 info: 1
s: [63, 79, 91, 99, 100, 105, 112, 121, 127, 130, 155, 159, 161, 163, 165, 170, 172, 173, 175, 178, 180, 181, 182, 186, 187, 192, 195, 196, 197, 198]
r: -0.1 info: -1
s: [63, 79, 91, 99, 100, 105, 112, 121, 127, 130, 137, 155, 159, 161, 163, 165, 170, 172, 173, 175, 178, 180, 181, 182, 186, 187, 192, 195, 196, 197, 198]
r: -0.1 info: 1
s: [58, 63, 79, 91, 99, 100, 105, 112, 121, 127, 130, 137, 155, 159, 161, 163, 165, 170, 172, 173, 175, 178, 180, 181, 182, 186, 187, 192, 195, 196, 197, 198]
r: -0.1 info: 1
s: [58, 63, 79, 91, 99, 100, 105, 112, 121, 127, 130, 137, 155, 159, 161, 163, 165, 170, 172, 173, 175, 176, 178, 180, 181, 182, 186, 187, 192, 195, 196, 197, 198]
r: -0.1 info: 1
s: [58, 63, 79, 91, 99, 100, 105, 112, 121, 127, 130, 137, 155, 159, 161, 163, 165, 170, 172, 173, 175, 176, 178, 180, 181, 182, 186, 187, 192, 195, 196, 197, 198]
r: -0.1 info: -1
s: [58, 63, 79, 91, 99, 100, 105, 112, 121, 127, 130, 137, 146, 155, 159, 161, 163, 165, 170, 172, 173, 175, 176, 178, 180, 181, 182, 186, 187, 192, 195, 196, 197, 198]
r: -0.1 info: 1
s: [58, 63, 79, 91, 99, 100, 105, 112, 121, 127, 130, 137, 146, 155, 159, 161, 163, 165, 170, 172, 173, 175, 176, 177, 178, 180, 181, 182, 186, 187, 192, 195, 196, 197, 198]
r: -0.1 info: 1
s: [58, 63, 79, 91, 99, 100, 105, 112, 121, 127, 130, 137, 146, 155, 159, 161, 163, 165, 170, 172, 173, 175, 176, 177, 178, 180, 181, 182, 186, 187, 192, 195, 196, 197, 198]
r: -0.1 info: -1
s: [58, 63, 79, 91, 99, 100, 105, 112, 121, 127, 130, 137, 146, 155, 159, 161, 163, 165, 170, 172, 173, 175, 176, 177, 178, 180, 181, 182, 186, 187, 192, 195, 196, 197, 198]
r: -0.1 info: -1
s: [58, 63, 79, 91, 99, 100, 105, 112, 121, 127, 130, 137, 146, 155, 159, 161, 163, 165, 170, 172, 173, 175, 176, 177, 178, 180, 181, 182, 186, 187, 192, 195, 196, 197, 198, 199]
r: -0.1 info: 1
s: [58, 63, 79, 91, 99, 100, 105, 112, 121, 123, 127, 130, 137, 146, 155, 159, 161, 163, 165, 170, 172, 173, 175, 176, 177, 178, 180, 181, 182, 186, 187, 192, 195, 196, 197, 198, 199]
r: -0.1 info: 1
s: [58, 63, 79, 91, 99, 100, 105, 112, 121, 123, 127, 130, 137, 146, 155, 159, 161, 163, 165, 170, 171, 172, 173, 175, 176, 177, 178, 180, 181, 182, 186, 187, 192, 195, 196, 197, 198, 199]
r: -0.1 info: 1
s: [58, 63, 79, 91, 99, 100, 105, 112, 121, 123, 127, 130, 137, 146, 155, 159, 161, 163, 165, 170, 171, 172, 173, 175, 176, 177, 178, 180, 181, 182, 186, 187, 191, 192, 195, 196, 197, 198, 199]
r: -0.1 info: 1
s: [58, 63, 79, 91, 99, 100, 105, 112, 121, 123, 127, 130, 137, 146, 155, 159, 161, 163, 165, 170, 171, 172, 173, 175, 176, 177, 178, 180, 181, 182, 185, 186, 187, 191, 192, 195, 196, 197, 198, 199]
r: -0.1 info: 1
s: [58, 63, 79, 91, 99, 100, 105, 112, 121, 123, 127, 130, 137, 146, 155, 159, 161, 163, 165, 170, 171, 172, 173, 175, 176, 177, 178, 180, 181, 182, 185, 186, 187, 191, 192, 195, 196, 197, 198, 199]
r: -0.1 info: -1
s: [58, 63, 79, 91, 99, 100, 105, 112, 121, 123, 127, 130, 137, 146, 155, 159, 160, 161, 163, 165, 170, 171, 172, 173, 175, 176, 177, 178, 180, 181, 182, 185, 186, 187, 191, 192, 195, 196, 197, 198, 199]
r: -0.1 info: 1
s: [58, 63, 79, 91, 99, 100, 102, 105, 112, 121, 123, 127, 130, 137, 146, 155, 159, 160, 161, 163, 165, 170, 171, 172, 173, 175, 176, 177, 178, 180, 181, 182, 185, 186, 187, 191, 192, 195, 196, 197, 198, 199]
r: -0.1 info: 1
s: [58, 63, 79, 91, 99, 100, 102, 105, 112, 121, 123, 127, 130, 137, 146, 155, 159, 160, 161, 163, 165, 170, 171, 172, 173, 175, 176, 177, 178, 180, 181, 182, 185, 186, 187, 191, 192, 195, 196, 197, 198, 199]
r: -1.6275495057925582 info: 0.023840678855776787
