s: [74]
r: 0.1 info: 1
s: [74, 120]
r: 0.1 info: 1
s: [74, 120, 148]
r: 0.1 info: 1
s: [74, 120, 148, 189]
r: 0.1 info: 1
s: [74, 77, 120, 148, 189]
r: 0.1 info: 1
s: [65, 74, 77, 120, 148, 189]
r: 0.1 info: 1
s: [41, 65, 74, 77, 120, 148, 189]
r: 0.1 info: 1
s: [41, 65, 74, 77, 120, 148, 154, 189]
r: 0.1 info: 1
s: [41, 65, 74, 77, 120, 123, 148, 154, 189]
r: 0.1 info: 1
s: [41, 65, 74, 77, 120, 123, 148, 154, 182, 189]
r: 0.1 info: 1
s: [41, 65, 74, 77, 120, 123, 148, 154, 161, 182, 189]
r: 0.1 info: 1
s: [41, 65, 74, 77, 120, 123, 140, 148, 154, 161, 182, 189]
r: 0.1 info: 1
s: [41, 65, 74, 77, 93, 120, 123, 140, 148, 154, 161, 182, 189]
r: 0.1 info: 1
s: [14, 41, 65, 74, 77, 93, 120, 123, 140, 148, 154, 161, 182, 189]
r: 0.1 info: 1
s: [14, 41, 65, 74, 76, 77, 93, 120, 123, 140, 148, 154, 161, 182, 189]
r: 0.1 info: 1
s: [14, 41, 65, 74, 76, 77, 93, 120, 123, 140, 148, 154, 161, 182, 189]
r: -0.1 info: -1
s: [14, 41, 51, 65, 74, 76, 77, 93, 120, 123, 140, 148, 154, 161, 182, 189]
r: 0.1 info: 1
s: [14, 41, 51, 65, 74, 76, 77, 93, 120, 123, 140, 148, 154, 161, 182, 189, 193]
r: 0.1 info: 1
s: [14, 41, 51, 65, 74, 76, 77, 93, 120, 123, 140, 148, 154, 161, 169, 182, 189, 193]
r: 0.1 info: 1
s: [14, 16, 41, 51, 65, 74, 76, 77, 93, 120, 123, 140, 148, 154, 161, 169, 182, 189, 193]
r: 0.1 info: 1
s: [14, 16, 41, 51, 65, 74, 76, 77, 93, 120, 123, 140, 148, 152, 154, 161, 169, 182, 189, 193]
r: 0.1 info: 1
s: [14, 16, 41, 51, 65, 74, 76, 77, 93, 97, 120, 123, 140, 148, 152, 154, 161, 169, 182, 189, 193]
r: 0.1 info: 1
s: [14, 16, 41, 51, 65, 74, 76, 77, 93, 97, 120, 123, 131, 140, 148, 152, 154, 161, 169, 182, 189, 193]
r: 0.1 info: 1
s: [14, 16, 41, 51, 63, 65, 74, 76, 77, 93, 97, 120, 123, 131, 140, 148, 152, 154, 161, 169, 182, 189, 193]
r: 0.1 info: 1
s: [14, 16, 41, 51, 63, 65, 74, 76, 77, 93, 97, 114, 120, 123, 131, 140, 148, 152, 154, 161, 169, 182, 189, 193]
r: 0.1 info: 1
s: [14, 16, 41, 51, 63, 65, 74, 76, 77, 89, 93, 97, 114, 120, 123, 131, 140, 148, 152, 154, 161, 169, 182, 189, 193]
r: 0.1 info: 1
s: [14, 16, 41, 51, 63, 65, 68, 74, 76, 77, 89, 93, 97, 114, 120, 123, 131, 140, 148, 152, 154, 161, 169, 182, 189, 193]
r: 0.1 info: 1
s: [11, 14, 16, 41, 51, 63, 65, 68, 74, 76, 77, 89, 93, 97, 114, 120, 123, 131, 140, 148, 152, 154, 161, 169, 182, 189, 193]
r: 0.1 info: 1
s: [11, 14, 16, 36, 41, 51, 63, 65, 68, 74, 76, 77, 89, 93, 97, 114, 120, 123, 131, 140, 148, 152, 154, 161, 169, 182, 189, 193]
r: 0.1 info: 1
s: [11, 14, 16, 36, 41, 51, 63, 65, 68, 74, 76, 77, 89, 93, 97, 114, 120, 123, 131, 140, 148, 150, 152, 154, 161, 169, 182, 189, 193]
r: 0.1 info: 1
s: [11, 14, 16, 36, 41, 51, 63, 65, 68, 74, 76, 77, 89, 93, 97, 114, 120, 123, 131, 140, 148, 150, 152, 154, 161, 169, 182, 189, 193]
r: -0.1 info: -1
s: [11, 14, 16, 36, 41, 51, 63, 65, 68, 74, 76, 77, 89, 93, 97, 114, 120, 123, 131, 140, 148, 150, 152, 154, 161, 169, 182, 189, 193]
r: -0.1 info: -1
s: [11, 14, 16, 36, 41, 51, 63, 65, 68, 74, 76, 77, 89, 93, 97, 98, 114, 120, 123, 131, 140, 148, 150, 152, 154, 161, 169, 182, 189, 193]
r: 0.1 info: 1
s: [11, 14, 16, 36, 41, 51, 63, 65, 68, 74, 76, 77, 89, 91, 93, 97, 98, 114, 120, 123, 131, 140, 148, 150, 152, 154, 161, 169, 182, 189, 193]
r: 0.1 info: 1
s: [11, 14, 16, 36, 41, 51, 63, 65, 68, 74, 76, 77, 89, 90, 91, 93, 97, 98, 114, 120, 123, 131, 140, 148, 150, 152, 154, 161, 169, 182, 189, 193]
r: 0.1 info: 1
s: [11, 14, 16, 36, 41, 51, 63, 65, 68, 74, 76, 77, 89, 90, 91, 93, 97, 98, 107, 114, 120, 123, 131, 140, 148, 150, 152, 154, 161, 169, 182, 189, 193]
r: 0.1 info: 1
s: [11, 14, 16, 36, 41, 51, 63, 65, 68, 71, 74, 76, 77, 89, 90, 91, 93, 97, 98, 107, 114, 120, 123, 131, 140, 148, 150, 152, 154, 161, 169, 182, 189, 193]
r: 0.1 info: 1
s: [11, 14, 16, 36, 41, 51, 59, 63, 65, 68, 71, 74, 76, 77, 89, 90, 91, 93, 97, 98, 107, 114, 120, 123, 131, 140, 148, 150, 152, 154, 161, 169, 182, 189, 193]
r: 0.1 info: 1
s: [11, 14, 16, 36, 41, 43, 51, 59, 63, 65, 68, 71, 74, 76, 77, 89, 90, 91, 93, 97, 98, 107, 114, 120, 123, 131, 140, 148, 150, 152, 154, 161, 169, 182, 189, 193]
r: 0.1 info: 1
s: [11, 14, 16, 36, 41, 43, 51, 59, 63, 65, 68, 71, 74, 76, 77, 89, 90, 91, 93, 97, 98, 107, 114, 120, 123, 131, 140, 148, 150, 152, 154, 161, 169, 182, 189, 193]
r: -0.1 info: -1
s: [11, 14, 16, 36, 41, 43, 51, 59, 63, 65, 68, 71, 74, 76, 77, 89, 90, 91, 93, 97, 98, 107, 114, 120, 123, 131, 137, 140, 148, 150, 152, 154, 161, 169, 182, 189, 193]
r: 0.1 info: 1
s: [11, 14, 16, 36, 41, 43, 51, 59, 63, 65, 68, 71, 74, 76, 77, 89, 90, 91, 93, 97, 98, 107, 114, 120, 123, 131, 137, 140, 148, 150, 152, 154, 161, 169, 182, 189, 193]
r: -0.1 info: -1
s: [11, 14, 16, 36, 41, 43, 51, 59, 63, 65, 68, 71, 74, 76, 77, 89, 90, 91, 93, 97, 98, 107, 114, 120, 123, 131, 137, 140, 148, 150, 152, 154, 161, 169, 182, 189, 193]
r: 0.035168078011338366 info: 0.2115879646371468
