s: [74]
r: 0.1 info: 1
s: [74, 181]
r: 0.1 info: 1
s: [23, 74, 181]
r: 0.1 info: 1
s: [23, 74, 181]
r: -0.1 info: -1
s: [23, 43, 74, 181]
r: 0.1 info: 1
s: [23, 43, 74, 181]
r: -0.1 info: -1
s: [23, 43, 74, 181]
r: -0.1 info: -1
s: [23, 43, 74, 86, 181]
r: 0.1 info: 1
s: [23, 43, 74, 86, 181]
r: -0.1 info: -1
s: [23, 43, 74, 86, 181]
r: -0.1 info: -1
s: [23, 43, 59, 74, 86, 181]
r: 0.1 info: 1
s: [23, 33, 43, 59, 74, 86, 181]
r: 0.1 info: 1
s: [23, 33, 43, 56, 59, 74, 86, 181]
r: 0.1 info: 1
s: [23, 33, 43, 56, 59, 74, 86, 181]
r: -0.1 info: -1
s: [16, 23, 33, 43, 56, 59, 74, 86, 181]
r: 0.1 info: 1
s: [16, 23, 33, 43, 56, 59, 74, 86, 90, 181]
r: 0.1 info: 1
s: [16, 23, 33, 43, 56, 59, 74, 80, 86, 90, 181]
r: 0.1 info: 1
s: [16, 23, 33, 43, 56, 59, 74, 80, 86, 90, 181]
r: -0.1 info: -1
s: [16, 23, 33, 43, 56, 59, 74, 80, 86, 90, 181]
r: -0.1 info: -1
s: [16, 23, 33, 43, 56, 59, 74, 80, 86, 90, 181]
r: 7.610392378046527 info: 0.13584183674538508
