s: [63]
r: -0.025 info: 1
s: [63, 164]
r: -0.025 info: 1
s: [53, 63, 164]
r: -0.025 info: 1
s: [53, 63, 164, 174]
r: -0.025 info: 1
s: [28, 53, 63, 164, 174]
r: -0.025 info: 1
s: [28, 53, 63, 93, 164, 174]
r: -0.025 info: 1
s: [28, 53, 63, 93, 164, 174, 198]
r: -0.025 info: 1
s: [8, 28, 53, 63, 93, 164, 174, 198]
r: -0.025 info: 1
s: [8, 28, 48, 53, 63, 93, 164, 174, 198]
r: -0.025 info: 1
s: [8, 28, 48, 53, 63, 93, 139, 164, 174, 198]
r: -0.025 info: 1
s: [8, 28, 48, 53, 63, 93, 139, 149, 164, 174, 198]
r: -0.025 info: 1
s: [8, 28, 48, 53, 63, 93, 139, 149, 164, 174, 198]
r: -0.1 info: -1
s: [8, 28, 48, 53, 63, 93, 139, 149, 164, 174, 198]
r: -0.1 info: -1
s: [8, 28, 48, 53, 57, 63, 93, 139, 149, 164, 174, 198]
r: -0.025 info: 1
s: [8, 28, 48, 53, 57, 63, 93, 139, 149, 159, 164, 174, 198]
r: -0.025 info: 1
s: [8, 28, 48, 53, 57, 63, 93, 126, 139, 149, 159, 164, 174, 198]
r: -0.025 info: 1
s: [8, 28, 48, 53, 57, 63, 93, 126, 139, 144, 149, 159, 164, 174, 198]
r: -0.025 info: 1
s: [8, 24, 28, 48, 53, 57, 63, 93, 126, 139, 144, 149, 159, 164, 174, 198]
r: -0.025 info: 1
s: [8, 24, 28, 48, 53, 57, 63, 93, 126, 139, 144, 149, 159, 164, 174, 192, 198]
r: -0.025 info: 1
s: [8, 24, 28, 48, 53, 57, 63, 93, 126, 139, 144, 149, 159, 161, 164, 174, 192, 198]
r: -0.025 info: 1
s: [8, 24, 28, 48, 53, 57, 63, 69, 93, 126, 139, 144, 149, 159, 161, 164, 174, 192, 198]
r: -0.025 info: 1
s: [8, 24, 28, 48, 53, 57, 63, 69, 93, 98, 126, 139, 144, 149, 159, 161, 164, 174, 192, 198]
r: -0.025 info: 1
s: [8, 24, 28, 48, 53, 57, 63, 69, 93, 98, 126, 139, 144, 145, 149, 159, 161, 164, 174, 192, 198]
r: -0.025 info: 1
s: [8, 24, 28, 48, 53, 57, 63, 69, 93, 98, 126, 139, 144, 145, 149, 159, 161, 164, 174, 192, 198]
r: -0.1 info: -1
s: [8, 24, 28, 48, 53, 57, 63, 69, 93, 98, 126, 139, 140, 144, 145, 149, 159, 161, 164, 174, 192, 198]
r: -0.025 info: 1
s: [8, 24, 28, 48, 53, 57, 63, 69, 93, 98, 108, 126, 139, 140, 144, 145, 149, 159, 161, 164, 174, 192, 198]
r: -0.025 info: 1
s: [8, 24, 28, 48, 53, 57, 63, 69, 93, 98, 103, 108, 126, 139, 140, 144, 145, 149, 159, 161, 164, 174, 192, 198]
r: -0.025 info: 1
s: [8, 24, 28, 48, 53, 57, 63, 69, 93, 98, 103, 108, 126, 139, 140, 143, 144, 145, 149, 159, 161, 164, 174, 192, 198]
r: -0.025 info: 1
s: [8, 24, 28, 48, 50, 53, 57, 63, 69, 93, 98, 103, 108, 126, 139, 140, 143, 144, 145, 149, 159, 161, 164, 174, 192, 198]
r: -0.025 info: 1
s: [8, 24, 28, 48, 50, 53, 57, 63, 69, 93, 98, 103, 108, 126, 139, 140, 143, 144, 145, 149, 159, 161, 164, 174, 192, 196, 198]
r: -0.025 info: 1
s: [8, 24, 28, 48, 50, 53, 57, 63, 69, 93, 98, 103, 108, 126, 139, 140, 143, 144, 145, 149, 159, 161, 164, 166, 174, 192, 196, 198]
r: -0.025 info: 1
s: [8, 24, 28, 48, 50, 53, 57, 63, 69, 93, 98, 103, 108, 114, 126, 139, 140, 143, 144, 145, 149, 159, 161, 164, 166, 174, 192, 196, 198]
r: -0.025 info: 1
s: [8, 24, 28, 48, 50, 53, 57, 63, 69, 93, 98, 103, 108, 114, 126, 139, 140, 143, 144, 145, 149, 159, 161, 164, 166, 174, 192, 196, 198]
r: -0.1 info: -1
s: [8, 24, 28, 48, 50, 53, 57, 63, 69, 93, 98, 103, 108, 110, 114, 126, 139, 140, 143, 144, 145, 149, 159, 161, 164, 166, 174, 192, 196, 198]
r: -0.025 info: 1
s: [8, 24, 28, 37, 48, 50, 53, 57, 63, 69, 93, 98, 103, 108, 110, 114, 126, 139, 140, 143, 144, 145, 149, 159, 161, 164, 166, 174, 192, 196, 198]
r: -0.025 info: 1
s: [8, 24, 28, 37, 48, 50, 53, 57, 63, 69, 93, 98, 103, 108, 110, 114, 126, 139, 140, 143, 144, 145, 149, 159, 161, 164, 166, 174, 192, 196, 198]
r: -0.1 info: -1
s: [8, 24, 28, 37, 48, 50, 53, 57, 63, 69, 93, 98, 103, 108, 110, 114, 126, 139, 140, 143, 144, 145, 149, 159, 161, 164, 166, 174, 189, 192, 196, 198]
r: -0.025 info: 1
s: [8, 24, 28, 37, 48, 50, 53, 57, 63, 69, 93, 98, 103, 108, 110, 114, 126, 139, 140, 143, 144, 145, 149, 159, 161, 164, 166, 174, 189, 192, 196, 198]
r: -3.4093150636181235 info: 0.041679928079247475
