s: [94]
r: 0.0 info: 1
s: [1, 94]
r: 0.0 info: 1
s: [1, 88, 94]
r: 0.0 info: 1
s: [1, 88, 94, 130]
r: 0.0 info: 1
s: [1, 88, 94, 130, 199]
r: 0.0 info: 1
s: [1, 88, 94, 130, 156, 199]
r: 0.0 info: 1
s: [1, 88, 94, 130, 156, 165, 199]
r: 0.0 info: 1
s: [1, 88, 94, 130, 156, 165, 168, 199]
r: 0.0 info: 1
s: [1, 88, 94, 112, 130, 156, 165, 168, 199]
r: 0.0 info: 1
s: [1, 88, 94, 112, 130, 156, 159, 165, 168, 199]
r: 0.0 info: 1
s: [1, 88, 94, 112, 122, 130, 156, 159, 165, 168, 199]
r: 0.0 info: 1
s: [1, 43, 88, 94, 112, 122, 130, 156, 159, 165, 168, 199]
r: 0.0 info: 1
s: [1, 43, 88, 94, 112, 119, 122, 130, 156, 159, 165, 168, 199]
r: 0.0 info: 1
s: [1, 32, 43, 88, 94, 112, 119, 122, 130, 156, 159, 165, 168, 199]
r: 0.0 info: 1
s: [1, 32, 43, 88, 94, 112, 119, 122, 130, 156, 159, 165, 168, 175, 199]
r: 0.0 info: 1
s: [1, 32, 43, 88, 94, 112, 119, 122, 130, 156, 159, 165, 168, 175, 190, 199]
r: 0.0 info: 1
s: [1, 32, 43, 88, 94, 112, 119, 122, 130, 156, 159, 165, 168, 175, 186, 190, 199]
r: 0.0 info: 1
s: [1, 32, 43, 88, 94, 108, 112, 119, 122, 130, 156, 159, 165, 168, 175, 186, 190, 199]
r: 0.0 info: 1
s: [1, 32, 43, 88, 94, 95, 108, 112, 119, 122, 130, 156, 159, 165, 168, 175, 186, 190, 199]
r: 0.0 info: 1
s: [1, 32, 43, 88, 94, 95, 108, 112, 119, 122, 130, 156, 159, 165, 168, 175, 186, 190, 198, 199]
r: 0.0 info: 1
s: [1, 32, 43, 62, 88, 94, 95, 108, 112, 119, 122, 130, 156, 159, 165, 168, 175, 186, 190, 198, 199]
r: 0.0 info: 1
s: [1, 32, 43, 62, 88, 94, 95, 108, 112, 115, 119, 122, 130, 156, 159, 165, 168, 175, 186, 190, 198, 199]
r: 0.0 info: 1
s: [1, 32, 43, 62, 88, 94, 95, 108, 112, 115, 119, 122, 130, 153, 156, 159, 165, 168, 175, 186, 190, 198, 199]
r: 0.0 info: 1
s: [1, 32, 43, 62, 88, 94, 95, 108, 112, 115, 119, 122, 130, 153, 156, 159, 163, 165, 168, 175, 186, 190, 198, 199]
r: 0.0 info: 1
s: [1, 32, 43, 62, 88, 94, 95, 108, 112, 115, 119, 122, 130, 153, 156, 159, 163, 165, 168, 169, 175, 186, 190, 198, 199]
r: 0.0 info: 1
s: [1, 32, 43, 62, 88, 94, 95, 108, 112, 115, 119, 122, 130, 153, 156, 159, 163, 165, 168, 169, 175, 185, 186, 190, 198, 199]
r: 0.0 info: 1
s: [1, 32, 43, 62, 79, 88, 94, 95, 108, 112, 115, 119, 122, 130, 153, 156, 159, 163, 165, 168, 169, 175, 185, 186, 190, 198, 199]
r: 0.0 info: 1
s: [1, 5, 32, 43, 62, 79, 88, 94, 95, 108, 112, 115, 119, 122, 130, 153, 156, 159, 163, 165, 168, 169, 175, 185, 186, 190, 198, 199]
r: 0.0 info: 1
s: [1, 5, 32, 43, 62, 79, 88, 94, 95, 108, 112, 115, 119, 122, 130, 153, 156, 159, 163, 165, 168, 169, 175, 185, 186, 190, 198, 199]
r: -0.1 info: -1
s: [1, 5, 32, 43, 62, 79, 88, 94, 95, 108, 112, 115, 119, 122, 123, 130, 153, 156, 159, 163, 165, 168, 169, 175, 185, 186, 190, 198, 199]
r: 0.0 info: 1
s: [1, 5, 27, 32, 43, 62, 79, 88, 94, 95, 108, 112, 115, 119, 122, 123, 130, 153, 156, 159, 163, 165, 168, 169, 175, 185, 186, 190, 198, 199]
r: 0.0 info: 1
s: [1, 5, 27, 32, 43, 62, 64, 79, 88, 94, 95, 108, 112, 115, 119, 122, 123, 130, 153, 156, 159, 163, 165, 168, 169, 175, 185, 186, 190, 198, 199]
r: 0.0 info: 1
s: [1, 5, 27, 32, 43, 62, 64, 79, 88, 94, 95, 108, 112, 115, 119, 122, 123, 130, 144, 153, 156, 159, 163, 165, 168, 169, 175, 185, 186, 190, 198, 199]
r: 0.0 info: 1
s: [1, 5, 27, 32, 43, 62, 64, 79, 88, 94, 95, 108, 112, 115, 119, 122, 123, 130, 142, 144, 153, 156, 159, 163, 165, 168, 169, 175, 185, 186, 190, 198, 199]
r: 0.0 info: 1
s: [1, 5, 27, 32, 43, 62, 64, 79, 88, 94, 95, 108, 112, 115, 119, 122, 123, 130, 142, 144, 153, 156, 159, 163, 165, 168, 169, 175, 185, 186, 190, 198, 199]
r: -0.1 info: -1
s: [1, 5, 27, 32, 43, 62, 64, 79, 88, 94, 95, 108, 112, 115, 119, 122, 123, 130, 142, 144, 150, 153, 156, 159, 163, 165, 168, 169, 175, 185, 186, 190, 198, 199]
r: 0.0 info: 1
s: [1, 5, 27, 32, 43, 62, 64, 79, 88, 94, 95, 108, 109, 112, 115, 119, 122, 123, 130, 142, 144, 150, 153, 156, 159, 163, 165, 168, 169, 175, 185, 186, 190, 198, 199]
r: 0.0 info: 1
s: [1, 5, 27, 32, 43, 62, 64, 79, 88, 94, 95, 107, 108, 109, 112, 115, 119, 122, 123, 130, 142, 144, 150, 153, 156, 159, 163, 165, 168, 169, 175, 185, 186, 190, 198, 199]
r: 0.0 info: 1
s: [1, 5, 27, 32, 43, 62, 64, 79, 88, 94, 95, 107, 108, 109, 112, 115, 119, 122, 123, 130, 142, 144, 150, 153, 156, 159, 163, 164, 165, 168, 169, 175, 185, 186, 190, 198, 199]
r: 0.0 info: 1
s: [1, 5, 27, 32, 43, 62, 64, 79, 88, 94, 95, 107, 108, 109, 112, 115, 119, 122, 123, 130, 142, 144, 150, 153, 156, 159, 163, 164, 165, 168, 169, 175, 185, 186, 190, 198, 199]
r: -0.1 info: -1
s: [1, 5, 27, 32, 43, 62, 64, 79, 88, 94, 95, 107, 108, 109, 112, 115, 119, 122, 123, 130, 142, 144, 150, 153, 156, 159, 163, 164, 165, 168, 169, 175, 185, 186, 190, 197, 198, 199]
r: 0.0 info: 1
s: [1, 5, 27, 32, 43, 62, 64, 79, 88, 94, 95, 107, 108, 109, 112, 115, 119, 122, 123, 130, 142, 144, 150, 153, 156, 159, 162, 163, 164, 165, 168, 169, 175, 185, 186, 190, 197, 198, 199]
r: 0.0 info: 1
s: [1, 5, 27, 32, 43, 62, 64, 79, 88, 94, 95, 107, 108, 109, 112, 115, 119, 122, 123, 130, 142, 144, 150, 153, 156, 159, 162, 163, 164, 165, 168, 169, 175, 185, 186, 190, 197, 198, 199]
r: -0.1 info: -1
s: [1, 5, 27, 32, 43, 62, 64, 79, 88, 94, 95, 107, 108, 109, 112, 115, 119, 122, 123, 130, 142, 144, 150, 153, 156, 159, 162, 163, 164, 165, 168, 169, 175, 185, 186, 188, 190, 197, 198, 199]
r: 0.0 info: 1
s: [1, 5, 27, 32, 43, 62, 64, 79, 88, 94, 95, 107, 108, 109, 112, 115, 119, 122, 123, 130, 142, 144, 150, 153, 156, 159, 162, 163, 164, 165, 168, 169, 175, 181, 185, 186, 188, 190, 197, 198, 199]
r: 0.0 info: 1
s: [1, 5, 27, 32, 43, 62, 64, 79, 88, 94, 95, 107, 108, 109, 112, 115, 116, 119, 122, 123, 130, 142, 144, 150, 153, 156, 159, 162, 163, 164, 165, 168, 169, 175, 181, 185, 186, 188, 190, 197, 198, 199]
r: 0.0 info: 1
s: [1, 5, 27, 32, 43, 62, 64, 79, 88, 94, 95, 107, 108, 109, 112, 115, 116, 119, 122, 123, 130, 136, 142, 144, 150, 153, 156, 159, 162, 163, 164, 165, 168, 169, 175, 181, 185, 186, 188, 190, 197, 198, 199]
r: 0.0 info: 1
s: [1, 5, 27, 32, 43, 62, 64, 74, 79, 88, 94, 95, 107, 108, 109, 112, 115, 116, 119, 122, 123, 130, 136, 142, 144, 150, 153, 156, 159, 162, 163, 164, 165, 168, 169, 175, 181, 185, 186, 188, 190, 197, 198, 199]
r: 0.0 info: 1
s: [1, 5, 27, 32, 43, 62, 64, 74, 79, 88, 94, 95, 107, 108, 109, 112, 115, 116, 119, 122, 123, 130, 136, 142, 144, 150, 153, 156, 159, 162, 163, 164, 165, 168, 169, 175, 181, 182, 185, 186, 188, 190, 197, 198, 199]
r: 0.0 info: 1
s: [1, 5, 27, 32, 43, 62, 64, 74, 79, 88, 94, 95, 103, 107, 108, 109, 112, 115, 116, 119, 122, 123, 130, 136, 142, 144, 150, 153, 156, 159, 162, 163, 164, 165, 168, 169, 175, 181, 182, 185, 186, 188, 190, 197, 198, 199]
r: 0.0 info: 1
s: [1, 5, 27, 32, 43, 62, 64, 74, 79, 88, 94, 95, 103, 107, 108, 109, 111, 112, 115, 116, 119, 122, 123, 130, 136, 142, 144, 150, 153, 156, 159, 162, 163, 164, 165, 168, 169, 175, 181, 182, 185, 186, 188, 190, 197, 198, 199]
r: 0.0 info: 1
s: [1, 3, 5, 27, 32, 43, 62, 64, 74, 79, 88, 94, 95, 103, 107, 108, 109, 111, 112, 115, 116, 119, 122, 123, 130, 136, 142, 144, 150, 153, 156, 159, 162, 163, 164, 165, 168, 169, 175, 181, 182, 185, 186, 188, 190, 197, 198, 199]
r: 0.0 info: 1
s: [1, 3, 5, 27, 32, 43, 62, 64, 67, 74, 79, 88, 94, 95, 103, 107, 108, 109, 111, 112, 115, 116, 119, 122, 123, 130, 136, 142, 144, 150, 153, 156, 159, 162, 163, 164, 165, 168, 169, 175, 181, 182, 185, 186, 188, 190, 197, 198, 199]
r: 0.0 info: 1
s: [1, 3, 5, 27, 32, 43, 62, 64, 67, 74, 79, 88, 94, 95, 103, 107, 108, 109, 111, 112, 115, 116, 119, 122, 123, 130, 136, 140, 142, 144, 150, 153, 156, 159, 162, 163, 164, 165, 168, 169, 175, 181, 182, 185, 186, 188, 190, 197, 198, 199]
r: 0.0 info: 1
s: [1, 3, 5, 27, 32, 43, 62, 64, 67, 74, 79, 88, 94, 95, 103, 107, 108, 109, 111, 112, 115, 116, 119, 122, 123, 130, 136, 140, 142, 144, 150, 153, 156, 159, 162, 163, 164, 165, 168, 169, 175, 181, 182, 185, 186, 188, 190, 197, 198, 199]
r: -0.1 info: -1
s: [1, 3, 5, 27, 32, 43, 62, 64, 67, 74, 79, 88, 94, 95, 103, 107, 108, 109, 111, 112, 115, 116, 119, 122, 123, 130, 136, 140, 142, 144, 150, 153, 156, 159, 162, 163, 164, 165, 168, 169, 175, 181, 182, 185, 186, 188, 190, 197, 198, 199]
r: -0.1 info: -1
s: [1, 3, 5, 27, 32, 43, 62, 64, 67, 74, 79, 88, 93, 94, 95, 103, 107, 108, 109, 111, 112, 115, 116, 119, 122, 123, 130, 136, 140, 142, 144, 150, 153, 156, 159, 162, 163, 164, 165, 168, 169, 175, 181, 182, 185, 186, 188, 190, 197, 198, 199]
r: 0.0 info: 1
s: [1, 3, 5, 27, 32, 43, 62, 64, 67, 74, 79, 88, 93, 94, 95, 103, 107, 108, 109, 111, 112, 115, 116, 119, 122, 123, 128, 130, 136, 140, 142, 144, 150, 153, 156, 159, 162, 163, 164, 165, 168, 169, 175, 181, 182, 185, 186, 188, 190, 197, 198, 199]
r: 0.0 info: 1
s: [1, 3, 5, 27, 32, 43, 62, 64, 67, 74, 79, 88, 93, 94, 95, 103, 107, 108, 109, 111, 112, 115, 116, 119, 122, 123, 128, 129, 130, 136, 140, 142, 144, 150, 153, 156, 159, 162, 163, 164, 165, 168, 169, 175, 181, 182, 185, 186, 188, 190, 197, 198, 199]
r: 0.0 info: 1
s: [1, 3, 5, 27, 32, 43, 62, 64, 67, 74, 79, 88, 93, 94, 95, 101, 103, 107, 108, 109, 111, 112, 115, 116, 119, 122, 123, 128, 129, 130, 136, 140, 142, 144, 150, 153, 156, 159, 162, 163, 164, 165, 168, 169, 175, 181, 182, 185, 186, 188, 190, 197, 198, 199]
r: 0.0 info: 1
s: [1, 3, 5, 27, 32, 43, 62, 64, 67, 74, 79, 88, 93, 94, 95, 101, 103, 107, 108, 109, 111, 112, 115, 116, 119, 122, 123, 128, 129, 130, 136, 140, 142, 144, 150, 153, 156, 159, 162, 163, 164, 165, 168, 169, 175, 181, 182, 185, 186, 188, 190, 197, 198, 199]
r: -0.1 info: -1
s: [1, 3, 5, 27, 32, 43, 62, 64, 67, 74, 79, 88, 93, 94, 95, 101, 103, 107, 108, 109, 111, 112, 115, 116, 119, 122, 123, 128, 129, 130, 136, 140, 142, 144, 150, 153, 156, 159, 162, 163, 164, 165, 168, 169, 175, 181, 182, 185, 186, 188, 190, 197, 198, 199]
r: -0.1 info: -1
s: [1, 3, 5, 27, 32, 43, 62, 64, 67, 74, 79, 88, 93, 94, 95, 101, 103, 107, 108, 109, 111, 112, 115, 116, 119, 122, 123, 128, 129, 130, 136, 140, 142, 144, 150, 153, 156, 159, 162, 163, 164, 165, 168, 169, 175, 180, 181, 182, 185, 186, 188, 190, 197, 198, 199]
r: 0.0 info: 1
s: [1, 3, 5, 27, 32, 33, 43, 62, 64, 67, 74, 79, 88, 93, 94, 95, 101, 103, 107, 108, 109, 111, 112, 115, 116, 119, 122, 123, 128, 129, 130, 136, 140, 142, 144, 150, 153, 156, 159, 162, 163, 164, 165, 168, 169, 175, 180, 181, 182, 185, 186, 188, 190, 197, 198, 199]
r: 0.0 info: 1
s: [1, 3, 5, 27, 32, 33, 43, 62, 64, 67, 74, 79, 80, 88, 93, 94, 95, 101, 103, 107, 108, 109, 111, 112, 115, 116, 119, 122, 123, 128, 129, 130, 136, 140, 142, 144, 150, 153, 156, 159, 162, 163, 164, 165, 168, 169, 175, 180, 181, 182, 185, 186, 188, 190, 197, 198, 199]
r: 0.0 info: 1
s: [1, 3, 5, 27, 32, 33, 43, 62, 64, 67, 74, 79, 80, 88, 93, 94, 95, 101, 103, 107, 108, 109, 111, 112, 115, 116, 119, 122, 123, 128, 129, 130, 136, 140, 142, 144, 150, 153, 156, 159, 162, 163, 164, 165, 168, 169, 175, 180, 181, 182, 185, 186, 188, 190, 195, 197, 198, 199]
r: 0.0 info: 1
s: [1, 3, 5, 27, 32, 33, 43, 48, 62, 64, 67, 74, 79, 80, 88, 93, 94, 95, 101, 103, 107, 108, 109, 111, 112, 115, 116, 119, 122, 123, 128, 129, 130, 136, 140, 142, 144, 150, 153, 156, 159, 162, 163, 164, 165, 168, 169, 175, 180, 181, 182, 185, 186, 188, 190, 195, 197, 198, 199]
r: 0.0 info: 1
s: [1, 3, 5, 27, 32, 33, 43, 48, 62, 64, 67, 74, 79, 80, 88, 93, 94, 95, 101, 103, 107, 108, 109, 111, 112, 114, 115, 116, 119, 122, 123, 128, 129, 130, 136, 140, 142, 144, 150, 153, 156, 159, 162, 163, 164, 165, 168, 169, 175, 180, 181, 182, 185, 186, 188, 190, 195, 197, 198, 199]
r: 0.0 info: 1
s: [1, 3, 5, 27, 32, 33, 43, 48, 62, 64, 67, 74, 79, 80, 88, 93, 94, 95, 101, 103, 107, 108, 109, 111, 112, 114, 115, 116, 119, 122, 123, 128, 129, 130, 136, 140, 142, 144, 150, 153, 156, 159, 162, 163, 164, 165, 168, 169, 175, 180, 181, 182, 185, 186, 188, 190, 195, 197, 198, 199]
r: -0.1 info: -1
s: [1, 3, 5, 27, 32, 33, 43, 48, 62, 64, 67, 74, 79, 80, 88, 93, 94, 95, 101, 103, 107, 108, 109, 111, 112, 113, 114, 115, 116, 119, 122, 123, 128, 129, 130, 136, 140, 142, 144, 150, 153, 156, 159, 162, 163, 164, 165, 168, 169, 175, 180, 181, 182, 185, 186, 188, 190, 195, 197, 198, 199]
r: 0.0 info: 1
s: [1, 3, 5, 27, 32, 33, 43, 48, 62, 64, 67, 74, 79, 80, 88, 93, 94, 95, 101, 103, 107, 108, 109, 111, 112, 113, 114, 115, 116, 119, 122, 123, 128, 129, 130, 134, 136, 140, 142, 144, 150, 153, 156, 159, 162, 163, 164, 165, 168, 169, 175, 180, 181, 182, 185, 186, 188, 190, 195, 197, 198, 199]
r: 0.0 info: 1
s: [1, 3, 5, 27, 32, 33, 43, 48, 62, 64, 67, 74, 79, 80, 88, 93, 94, 95, 101, 103, 107, 108, 109, 111, 112, 113, 114, 115, 116, 119, 122, 123, 128, 129, 130, 134, 136, 140, 142, 144, 150, 153, 156, 159, 162, 163, 164, 165, 168, 169, 175, 180, 181, 182, 185, 186, 188, 190, 195, 197, 198, 199]
r: -1.2955963145941496 info: 0.020699888234958053
