s: [165]
r: -0.1 info: 1
s: [165, 177]
r: -0.1 info: 1
s: [159, 165, 177]
r: -0.1 info: 1
s: [140, 159, 165, 177]
r: -0.1 info: 1
s: [87, 140, 159, 165, 177]
r: -0.1 info: 1
s: [87, 140, 159, 165, 172, 177]
r: -0.1 info: 1
s: [87, 140, 159, 165, 172, 177, 192]
r: -0.1 info: 1
s: [87, 140, 155, 159, 165, 172, 177, 192]
r: -0.1 info: 1
s: [87, 139, 140, 155, 159, 165, 172, 177, 192]
r: -0.1 info: 1
s: [87, 139, 140, 155, 159, 165, 169, 172, 177, 192]
r: -0.1 info: 1
s: [87, 139, 140, 149, 155, 159, 165, 169, 172, 177, 192]
r: -0.1 info: 1
s: [87, 139, 140, 149, 155, 159, 165, 169, 172, 173, 177, 192]
r: -0.1 info: 1
s: [87, 139, 140, 149, 155, 159, 163, 165, 169, 172, 173, 177, 192]
r: -0.1 info: 1
s: [87, 139, 140, 149, 155, 159, 162, 163, 165, 169, 172, 173, 177, 192]
r: -0.1 info: 1
s: [87, 139, 140, 149, 155, 159, 162, 163, 165, 169, 172, 173, 177, 181, 192]
r: -0.1 info: 1
s: [87, 139, 140, 149, 155, 157, 159, 162, 163, 165, 169, 172, 173, 177, 181, 192]
r: -0.1 info: 1
s: [87, 115, 139, 140, 149, 155, 157, 159, 162, 163, 165, 169, 172, 173, 177, 181, 192]
r: -0.1 info: 1
s: [87, 115, 133, 139, 140, 149, 155, 157, 159, 162, 163, 165, 169, 172, 173, 177, 181, 192]
r: -0.1 info: 1
s: [87, 115, 133, 139, 140, 145, 149, 155, 157, 159, 162, 163, 165, 169, 172, 173, 177, 181, 192]
r: -0.1 info: 1
s: [79, 87, 115, 133, 139, 140, 145, 149, 155, 157, 159, 162, 163, 165, 169, 172, 173, 177, 181, 192]
r: -0.1 info: 1
s: [79, 87, 115, 117, 133, 139, 140, 145, 149, 155, 157, 159, 162, 163, 165, 169, 172, 173, 177, 181, 192]
r: -0.1 info: 1
s: [79, 87, 115, 117, 133, 139, 140, 145, 149, 151, 155, 157, 159, 162, 163, 165, 169, 172, 173, 177, 181, 192]
r: -0.1 info: 1
s: [79, 87, 115, 117, 133, 139, 140, 145, 149, 151, 155, 157, 159, 162, 163, 165, 168, 169, 172, 173, 177, 181, 192]
r: -0.1 info: 1
s: [79, 87, 96, 115, 117, 133, 139, 140, 145, 149, 151, 155, 157, 159, 162, 163, 165, 168, 169, 172, 173, 177, 181, 192]
r: -0.1 info: 1
s: [79, 87, 96, 115, 117, 133, 139, 140, 145, 149, 151, 155, 157, 159, 162, 163, 165, 168, 169, 172, 173, 177, 181, 192]
r: -0.1 info: -1
s: [79, 87, 96, 115, 117, 133, 139, 140, 145, 149, 151, 155, 157, 159, 162, 163, 165, 166, 168, 169, 172, 173, 177, 181, 192]
r: -0.1 info: 1
s: [21, 79, 87, 96, 115, 117, 133, 139, 140, 145, 149, 151, 155, 157, 159, 162, 163, 165, 166, 168, 169, 172, 173, 177, 181, 192]
r: -0.1 info: 1
s: [21, 73, 79, 87, 96, 115, 117, 133, 139, 140, 145, 149, 151, 155, 157, 159, 162, 163, 165, 166, 168, 169, 172, 173, 177, 181, 192]
r: -0.1 info: 1
s: [13, 21, 73, 79, 87, 96, 115, 117, 133, 139, 140, 145, 149, 151, 155, 157, 159, 162, 163, 165, 166, 168, 169, 172, 173, 177, 181, 192]
r: -0.1 info: 1
s: [13, 21, 73, 79, 87, 96, 115, 117, 133, 139, 140, 145, 149, 151, 155, 157, 159, 162, 163, 165, 166, 168, 169, 172, 173, 177, 181, 187, 192]
r: -0.1 info: 1
s: [13, 21, 73, 79, 87, 96, 113, 115, 117, 133, 139, 140, 145, 149, 151, 155, 157, 159, 162, 163, 165, 166, 168, 169, 172, 173, 177, 181, 187, 192]
r: -0.1 info: 1
s: [13, 21, 73, 79, 87, 96, 113, 115, 117, 132, 133, 139, 140, 145, 149, 151, 155, 157, 159, 162, 163, 165, 166, 168, 169, 172, 173, 177, 181, 187, 192]
r: -0.1 info: 1
s: [13, 21, 73, 79, 87, 96, 113, 115, 117, 132, 133, 139, 140, 145, 149, 151, 155, 157, 159, 162, 163, 165, 166, 168, 169, 172, 173, 177, 178, 181, 187, 192]
r: -0.1 info: 1
s: [13, 21, 73, 79, 87, 96, 113, 115, 117, 132, 133, 139, 140, 145, 149, 151, 155, 157, 159, 162, 163, 165, 166, 168, 169, 172, 173, 177, 178, 181, 187, 192, 195]
r: -0.1 info: 1
s: [13, 21, 73, 79, 87, 96, 113, 115, 117, 132, 133, 139, 140, 145, 149, 151, 155, 157, 159, 162, 163, 165, 166, 168, 169, 172, 173, 177, 178, 181, 183, 187, 192, 195]
r: -0.1 info: 1
s: [13, 21, 73, 79, 87, 96, 113, 115, 117, 132, 133, 139, 140, 145, 149, 151, 155, 157, 159, 162, 163, 165, 166, 168, 169, 172, 173, 176, 177, 178, 181, 183, 187, 192, 195]
r: -0.1 info: 1
s: [13, 21, 73, 79, 87, 96, 113, 115, 117, 132, 133, 139, 140, 145, 149, 151, 155, 157, 159, 162, 163, 165, 166, 168, 169, 172, 173, 176, 177, 178, 181, 183, 187, 192, 195]
r: -0.1 info: -1
s: [13, 21, 73, 79, 87, 96, 113, 115, 117, 132, 133, 139, 140, 145, 149, 151, 155, 157, 159, 162, 163, 165, 166, 168, 169, 172, 173, 176, 177, 178, 181, 183, 187, 192, 195]
r: -0.1 info: -1
s: [13, 21, 73, 79, 87, 96, 113, 115, 117, 132, 133, 139, 140, 145, 149, 151, 155, 157, 159, 162, 163, 165, 166, 168, 169, 172, 173, 176, 177, 178, 181, 183, 187, 192, 195]
r: -0.1 info: -1
s: [13, 21, 73, 79, 87, 96, 113, 115, 117, 132, 133, 138, 139, 140, 145, 149, 151, 155, 157, 159, 162, 163, 165, 166, 168, 169, 172, 173, 176, 177, 178, 181, 183, 187, 192, 195]
r: -0.1 info: 1
s: [13, 21, 73, 79, 87, 96, 113, 115, 117, 132, 133, 138, 139, 140, 145, 149, 151, 155, 157, 159, 162, 163, 165, 166, 168, 169, 172, 173, 176, 177, 178, 181, 183, 187, 192, 195]
r: -0.1 info: -1
s: [13, 21, 73, 79, 87, 96, 113, 115, 117, 132, 133, 138, 139, 140, 145, 149, 151, 155, 157, 159, 162, 163, 165, 166, 168, 169, 172, 173, 176, 177, 178, 181, 183, 187, 192, 195]
r: -0.1 info: -1
s: [13, 21, 55, 73, 79, 87, 96, 113, 115, 117, 132, 133, 138, 139, 140, 145, 149, 151, 155, 157, 159, 162, 163, 165, 166, 168, 169, 172, 173, 176, 177, 178, 181, 183, 187, 192, 195]
r: -0.1 info: 1
s: [13, 21, 55, 73, 79, 87, 96, 113, 115, 117, 132, 133, 138, 139, 140, 145, 149, 151, 155, 157, 158, 159, 162, 163, 165, 166, 168, 169, 172, 173, 176, 177, 178, 181, 183, 187, 192, 195]
r: -0.1 info: 1
s: [13, 21, 55, 73, 79, 87, 96, 113, 115, 117, 132, 133, 138, 139, 140, 145, 149, 151, 155, 157, 158, 159, 162, 163, 165, 166, 168, 169, 172, 173, 176, 177, 178, 181, 183, 185, 187, 192, 195]
r: -0.1 info: 1
s: [13, 21, 55, 73, 79, 87, 90, 96, 113, 115, 117, 132, 133, 138, 139, 140, 145, 149, 151, 155, 157, 158, 159, 162, 163, 165, 166, 168, 169, 172, 173, 176, 177, 178, 181, 183, 185, 187, 192, 195]
r: -0.1 info: 1
s: [13, 21, 55, 73, 79, 87, 90, 96, 113, 115, 117, 132, 133, 138, 139, 140, 145, 149, 151, 155, 157, 158, 159, 162, 163, 165, 166, 168, 169, 172, 173, 176, 177, 178, 181, 183, 185, 187, 192, 195]
r: -0.1 info: -1
s: [13, 21, 55, 73, 79, 87, 90, 96, 111, 113, 115, 117, 132, 133, 138, 139, 140, 145, 149, 151, 155, 157, 158, 159, 162, 163, 165, 166, 168, 169, 172, 173, 176, 177, 178, 181, 183, 185, 187, 192, 195]
r: -0.1 info: 1
s: [13, 21, 55, 73, 79, 87, 90, 96, 111, 113, 115, 117, 121, 132, 133, 138, 139, 140, 145, 149, 151, 155, 157, 158, 159, 162, 163, 165, 166, 168, 169, 172, 173, 176, 177, 178, 181, 183, 185, 187, 192, 195]
r: -0.1 info: 1
s: [13, 21, 55, 73, 79, 87, 90, 96, 111, 113, 115, 117, 121, 132, 133, 138, 139, 140, 145, 149, 151, 155, 157, 158, 159, 162, 163, 165, 166, 168, 169, 172, 173, 176, 177, 178, 181, 183, 185, 187, 192, 195]
r: -1.8920000176876783 info: 0.02653039898723364
