s: [94]
r: 0.1 info: 1
s: [94, 98]
r: 0.1 info: 1
s: [39, 94, 98]
r: 0.1 info: 1
s: [39, 41, 94, 98]
r: 0.1 info: 1
s: [39, 41, 46, 94, 98]
r: 0.1 info: 1
s: [39, 41, 46, 94, 98, 198]
r: 0.1 info: 1
s: [39, 41, 46, 66, 94, 98, 198]
r: 0.1 info: 1
s: [39, 41, 46, 66, 94, 98, 140, 198]
r: 0.1 info: 1
s: [39, 41, 46, 66, 70, 94, 98, 140, 198]
r: 0.1 info: 1
s: [39, 41, 46, 66, 70, 94, 98, 121, 140, 198]
r: 0.1 info: 1
s: [39, 41, 46, 66, 70, 93, 94, 98, 121, 140, 198]
r: 0.1 info: 1
s: [39, 41, 46, 54, 66, 70, 93, 94, 98, 121, 140, 198]
r: 0.1 info: 1
s: [39, 41, 46, 54, 66, 70, 93, 94, 98, 121, 140, 198]
r: -0.1 info: -1
s: [39, 41, 46, 54, 66, 70, 93, 94, 98, 121, 140, 198]
r: -0.1 info: -1
s: [39, 41, 46, 54, 64, 66, 70, 93, 94, 98, 121, 140, 198]
r: 0.1 info: 1
s: [39, 41, 46, 54, 64, 66, 70, 93, 94, 98, 121, 140, 198]
r: -0.1 info: -1
s: [39, 41, 46, 54, 64, 66, 70, 93, 94, 98, 121, 123, 140, 198]
r: 0.1 info: 1
s: [39, 41, 46, 54, 64, 66, 70, 93, 94, 98, 121, 123, 140, 198]
r: -0.1 info: -1
s: [39, 41, 46, 54, 64, 66, 70, 93, 94, 98, 99, 121, 123, 140, 198]
r: 0.1 info: 1
s: [39, 41, 46, 54, 64, 66, 70, 93, 94, 98, 99, 121, 123, 140, 198]
r: -0.1 info: -1
s: [39, 41, 46, 54, 55, 64, 66, 70, 93, 94, 98, 99, 121, 123, 140, 198]
r: 0.1 info: 1
s: [39, 41, 46, 54, 55, 64, 66, 70, 82, 93, 94, 98, 99, 121, 123, 140, 198]
r: 0.1 info: 1
s: [39, 41, 46, 54, 55, 64, 66, 70, 82, 93, 94, 98, 99, 121, 123, 140, 198]
r: -0.1 info: -1
s: [39, 41, 46, 54, 55, 64, 66, 70, 82, 93, 94, 98, 99, 102, 121, 123, 140, 198]
r: 0.1 info: 1
s: [0, 39, 41, 46, 54, 55, 64, 66, 70, 82, 93, 94, 98, 99, 102, 121, 123, 140, 198]
r: 0.1 info: 1
s: [0, 39, 41, 46, 54, 55, 64, 66, 70, 82, 93, 94, 98, 99, 102, 121, 123, 140, 198]
r: -0.1 info: -1
s: [0, 17, 39, 41, 46, 54, 55, 64, 66, 70, 82, 93, 94, 98, 99, 102, 121, 123, 140, 198]
r: 0.1 info: 1
s: [0, 17, 39, 41, 46, 54, 55, 64, 66, 70, 82, 93, 94, 98, 99, 102, 121, 123, 140, 198]
r: 17.198812919923512 info: 0.4935060161224101
