s: [84]
r: 0.1 info: 1
s: [84, 117]
r: 0.1 info: 1
s: [84, 117, 137]
r: 0.1 info: 1
s: [84, 117, 137, 155]
r: 0.1 info: 1
s: [84, 117, 137, 155]
r: -0.1 info: -1
s: [84, 117, 137, 155, 172]
r: 0.1 info: 1
s: [41, 84, 117, 137, 155, 172]
r: 0.1 info: 1
s: [35, 41, 84, 117, 137, 155, 172]
r: 0.1 info: 1
s: [35, 41, 84, 96, 117, 137, 155, 172]
r: 0.1 info: 1
s: [35, 41, 74, 84, 96, 117, 137, 155, 172]
r: 0.1 info: 1
s: [35, 41, 74, 84, 96, 117, 137, 155, 172]
r: -0.1 info: -1
s: [35, 41, 74, 84, 96, 117, 137, 155, 172]
r: -0.1 info: -1
s: [35, 41, 74, 84, 96, 117, 137, 155, 172]
r: -0.1 info: -1
s: [35, 41, 44, 74, 84, 96, 117, 137, 155, 172]
r: 0.1 info: 1
s: [35, 41, 44, 74, 82, 84, 96, 117, 137, 155, 172]
r: 0.1 info: 1
s: [35, 36, 41, 44, 74, 82, 84, 96, 117, 137, 155, 172]
r: 0.1 info: 1
s: [35, 36, 41, 44, 74, 82, 84, 96, 117, 137, 141, 155, 172]
r: 0.1 info: 1
s: [35, 36, 41, 44, 74, 82, 84, 96, 117, 125, 137, 141, 155, 172]
r: 0.1 info: 1
s: [35, 36, 41, 44, 74, 82, 84, 96, 117, 125, 137, 141, 155, 172]
r: -0.1 info: -1
s: [35, 36, 41, 44, 74, 82, 84, 96, 117, 125, 137, 141, 155, 172]
r: -0.1 info: -1
s: [35, 36, 41, 44, 74, 82, 84, 96, 117, 125, 137, 141, 155, 172]
r: -0.1 info: -1
s: [35, 36, 41, 44, 74, 82, 84, 91, 96, 117, 125, 137, 141, 155, 172]
r: 0.1 info: 1
s: [35, 36, 41, 44, 74, 82, 84, 86, 91, 96, 117, 125, 137, 141, 155, 172]
r: 0.1 info: 1
s: [35, 36, 41, 44, 56, 74, 82, 84, 86, 91, 96, 117, 125, 137, 141, 155, 172]
r: 0.1 info: 1
s: [35, 36, 41, 44, 56, 74, 82, 84, 86, 91, 93, 96, 117, 125, 137, 141, 155, 172]
r: 0.1 info: 1
s: [35, 36, 41, 44, 56, 74, 82, 84, 85, 86, 91, 93, 96, 117, 125, 137, 141, 155, 172]
r: 0.1 info: 1
s: [35, 36, 41, 44, 56, 74, 82, 84, 85, 86, 91, 93, 96, 117, 125, 137, 141, 155, 172]
r: -0.1 info: -1
s: [35, 36, 41, 44, 56, 74, 82, 84, 85, 86, 90, 91, 93, 96, 117, 125, 137, 141, 155, 172]
r: 0.1 info: 1
s: [35, 36, 41, 44, 56, 74, 82, 84, 85, 86, 90, 91, 93, 96, 101, 117, 125, 137, 141, 155, 172]
r: 0.1 info: 1
s: [35, 36, 41, 44, 56, 74, 82, 84, 85, 86, 90, 91, 93, 96, 101, 117, 125, 137, 141, 155, 172]
r: -0.1 info: -1
s: [35, 36, 41, 44, 56, 74, 82, 84, 85, 86, 90, 91, 93, 96, 101, 117, 125, 137, 141, 155, 172]
r: -0.1 info: -1
s: [35, 36, 41, 44, 56, 74, 82, 84, 85, 86, 89, 90, 91, 93, 96, 101, 117, 125, 137, 141, 155, 172]
r: 0.1 info: 1
s: [35, 36, 41, 44, 56, 74, 82, 84, 85, 86, 89, 90, 91, 93, 96, 101, 117, 125, 137, 141, 155, 172]
r: -0.1 info: -1
s: [35, 36, 41, 44, 56, 74, 82, 84, 85, 86, 89, 90, 91, 93, 96, 101, 117, 125, 137, 141, 155, 172]
r: -0.1 info: -1
s: [35, 36, 41, 44, 56, 74, 82, 84, 85, 86, 89, 90, 91, 93, 96, 101, 117, 125, 137, 141, 155, 172]
r: -0.1 info: -1
s: [35, 36, 41, 44, 56, 74, 82, 84, 85, 86, 89, 90, 91, 93, 96, 101, 117, 125, 137, 141, 155, 164, 172]
r: 0.1 info: 1
s: [35, 36, 41, 44, 56, 74, 82, 84, 85, 86, 89, 90, 91, 93, 96, 101, 117, 124, 125, 137, 141, 155, 164, 172]
r: 0.1 info: 1
s: [35, 36, 41, 44, 56, 74, 82, 84, 85, 86, 89, 90, 91, 93, 94, 96, 101, 117, 124, 125, 137, 141, 155, 164, 172]
r: 0.1 info: 1
s: [35, 36, 41, 44, 56, 74, 82, 84, 85, 86, 89, 90, 91, 93, 94, 96, 101, 117, 124, 125, 137, 141, 155, 164, 172]
r: -0.1 info: -1
s: [35, 36, 41, 44, 56, 74, 82, 84, 85, 86, 89, 90, 91, 93, 94, 96, 101, 117, 124, 125, 126, 137, 141, 155, 164, 172]
r: 0.1 info: 1
s: [35, 36, 41, 44, 56, 74, 82, 84, 85, 86, 89, 90, 91, 93, 94, 96, 101, 110, 117, 124, 125, 126, 137, 141, 155, 164, 172]
r: 0.1 info: 1
s: [35, 36, 41, 44, 56, 74, 82, 84, 85, 86, 89, 90, 91, 93, 94, 96, 101, 110, 117, 124, 125, 126, 137, 141, 155, 164, 172]
r: -0.1 info: -1
s: [35, 36, 41, 44, 56, 74, 82, 84, 85, 86, 89, 90, 91, 93, 94, 96, 101, 110, 117, 124, 125, 126, 137, 141, 155, 164, 172]
r: 18.741335028244066 info: 0.5104912198730744
