s: [106]
r: 0.1 info: 1
s: [60, 106]
r: 0.1 info: 1
s: [58, 60, 106]
r: 0.1 info: 1
s: [58, 60, 106, 132]
r: 0.1 info: 1
s: [58, 60, 84, 106, 132]
r: 0.1 info: 1
s: [58, 60, 84, 106, 131, 132]
r: 0.1 info: 1
s: [58, 60, 61, 84, 106, 131, 132]
r: 0.1 info: 1
s: [58, 60, 61, 84, 106, 110, 131, 132]
r: 0.1 info: 1
s: [58, 60, 61, 84, 106, 110, 119, 131, 132]
r: 0.1 info: 1
s: [58, 60, 61, 84, 106, 110, 119, 131, 132, 178]
r: 0.1 info: 1
s: [58, 60, 61, 84, 106, 110, 119, 131, 132, 175, 178]
r: 0.1 info: 1
s: [58, 60, 61, 84, 106, 110, 119, 131, 132, 172, 175, 178]
r: 0.1 info: 1
s: [58, 60, 61, 84, 106, 110, 117, 119, 131, 132, 172, 175, 178]
r: 0.1 info: 1
s: [55, 58, 60, 61, 84, 106, 110, 117, 119, 131, 132, 172, 175, 178]
r: 0.1 info: 1
s: [17, 55, 58, 60, 61, 84, 106, 110, 117, 119, 131, 132, 172, 175, 178]
r: 0.1 info: 1
s: [17, 55, 58, 60, 61, 84, 106, 110, 117, 119, 131, 132, 172, 175, 178, 195]
r: 0.1 info: 1
s: [17, 55, 58, 60, 61, 84, 106, 110, 117, 119, 131, 132, 163, 172, 175, 178, 195]
r: 0.1 info: 1
s: [17, 55, 58, 60, 61, 84, 106, 110, 117, 119, 131, 132, 151, 163, 172, 175, 178, 195]
r: 0.1 info: 1
s: [7, 17, 55, 58, 60, 61, 84, 106, 110, 117, 119, 131, 132, 151, 163, 172, 175, 178, 195]
r: 0.1 info: 1
s: [7, 17, 55, 58, 60, 61, 84, 106, 110, 117, 119, 131, 132, 151, 153, 163, 172, 175, 178, 195]
r: 0.1 info: 1
s: [7, 17, 55, 58, 60, 61, 84, 106, 110, 117, 119, 126, 131, 132, 151, 153, 163, 172, 175, 178, 195]
r: 0.1 info: 1
s: [7, 17, 55, 58, 60, 61, 84, 106, 110, 117, 119, 126, 131, 132, 151, 153, 163, 168, 172, 175, 178, 195]
r: 0.1 info: 1
s: [7, 17, 55, 58, 60, 61, 84, 106, 110, 117, 119, 126, 131, 132, 149, 151, 153, 163, 168, 172, 175, 178, 195]
r: 0.1 info: 1
s: [7, 17, 55, 58, 60, 61, 84, 106, 110, 117, 119, 126, 131, 132, 149, 151, 153, 163, 168, 172, 175, 178, 184, 195]
r: 0.1 info: 1
s: [7, 17, 55, 58, 60, 61, 84, 106, 110, 117, 119, 126, 131, 132, 149, 151, 153, 163, 168, 172, 175, 178, 184, 195]
r: -0.1 info: -1
s: [7, 17, 55, 58, 60, 61, 84, 106, 110, 114, 117, 119, 126, 131, 132, 149, 151, 153, 163, 168, 172, 175, 178, 184, 195]
r: 0.1 info: 1
s: [7, 17, 55, 58, 60, 61, 84, 106, 110, 114, 117, 119, 126, 131, 132, 149, 151, 153, 155, 163, 168, 172, 175, 178, 184, 195]
r: 0.1 info: 1
s: [7, 17, 55, 58, 60, 61, 84, 106, 110, 114, 117, 119, 124, 126, 131, 132, 149, 151, 153, 155, 163, 168, 172, 175, 178, 184, 195]
r: 0.1 info: 1
s: [7, 17, 55, 58, 60, 61, 84, 106, 110, 114, 117, 119, 124, 126, 131, 132, 149, 151, 153, 155, 163, 168, 170, 172, 175, 178, 184, 195]
r: 0.1 info: 1
s: [7, 17, 55, 58, 60, 61, 84, 106, 110, 114, 117, 119, 124, 126, 131, 132, 149, 151, 153, 155, 163, 168, 170, 172, 175, 178, 184, 195]
r: -0.1 info: -1
s: [7, 17, 23, 55, 58, 60, 61, 84, 106, 110, 114, 117, 119, 124, 126, 131, 132, 149, 151, 153, 155, 163, 168, 170, 172, 175, 178, 184, 195]
r: 0.1 info: 1
s: [7, 17, 23, 55, 58, 60, 61, 84, 106, 110, 114, 117, 119, 124, 125, 126, 131, 132, 149, 151, 153, 155, 163, 168, 170, 172, 175, 178, 184, 195]
r: 0.1 info: 1
s: [7, 17, 23, 55, 58, 60, 61, 84, 106, 110, 114, 117, 119, 124, 125, 126, 131, 132, 149, 151, 153, 155, 163, 168, 170, 172, 175, 178, 184, 195]
r: -0.1 info: -1
s: [7, 17, 23, 42, 55, 58, 60, 61, 84, 106, 110, 114, 117, 119, 124, 125, 126, 131, 132, 149, 151, 153, 155, 163, 168, 170, 172, 175, 178, 184, 195]
r: 0.1 info: 1
s: [7, 17, 23, 42, 55, 58, 60, 61, 84, 106, 110, 114, 117, 119, 124, 125, 126, 131, 132, 149, 151, 153, 155, 163, 168, 170, 172, 175, 178, 184, 190, 195]
r: 0.1 info: 1
s: [7, 17, 23, 42, 55, 58, 60, 61, 84, 106, 110, 114, 117, 119, 124, 125, 126, 131, 132, 149, 151, 153, 155, 160, 163, 168, 170, 172, 175, 178, 184, 190, 195]
r: 0.1 info: 1
s: [7, 17, 23, 42, 55, 58, 60, 61, 84, 106, 110, 112, 114, 117, 119, 124, 125, 126, 131, 132, 149, 151, 153, 155, 160, 163, 168, 170, 172, 175, 178, 184, 190, 195]
r: 0.1 info: 1
s: [0, 7, 17, 23, 42, 55, 58, 60, 61, 84, 106, 110, 112, 114, 117, 119, 124, 125, 126, 131, 132, 149, 151, 153, 155, 160, 163, 168, 170, 172, 175, 178, 184, 190, 195]
r: 0.1 info: 1
s: [0, 7, 17, 23, 42, 55, 58, 60, 61, 84, 106, 110, 112, 114, 117, 119, 124, 125, 126, 131, 132, 149, 151, 153, 155, 156, 160, 163, 168, 170, 172, 175, 178, 184, 190, 195]
r: 0.1 info: 1
s: [0, 7, 17, 23, 42, 55, 58, 60, 61, 84, 106, 110, 112, 114, 117, 119, 124, 125, 126, 131, 132, 144, 149, 151, 153, 155, 156, 160, 163, 168, 170, 172, 175, 178, 184, 190, 195]
r: 0.1 info: 1
s: [0, 7, 17, 23, 42, 55, 58, 60, 61, 82, 84, 106, 110, 112, 114, 117, 119, 124, 125, 126, 131, 132, 144, 149, 151, 153, 155, 156, 160, 163, 168, 170, 172, 175, 178, 184, 190, 195]
r: 0.1 info: 1
s: [0, 7, 17, 23, 42, 55, 58, 60, 61, 82, 84, 106, 110, 112, 114, 117, 119, 124, 125, 126, 131, 132, 141, 144, 149, 151, 153, 155, 156, 160, 163, 168, 170, 172, 175, 178, 184, 190, 195]
r: 0.1 info: 1
s: [0, 7, 17, 23, 25, 42, 55, 58, 60, 61, 82, 84, 106, 110, 112, 114, 117, 119, 124, 125, 126, 131, 132, 141, 144, 149, 151, 153, 155, 156, 160, 163, 168, 170, 172, 175, 178, 184, 190, 195]
r: 0.1 info: 1
s: [0, 7, 17, 23, 25, 42, 55, 58, 60, 61, 82, 84, 106, 110, 112, 114, 117, 119, 124, 125, 126, 131, 132, 141, 144, 149, 151, 153, 155, 156, 160, 163, 168, 170, 172, 175, 178, 184, 189, 190, 195]
r: 0.1 info: 1
s: [0, 7, 17, 23, 25, 42, 55, 58, 60, 61, 82, 84, 106, 110, 112, 114, 117, 119, 124, 125, 126, 131, 132, 141, 144, 149, 151, 153, 155, 156, 160, 163, 168, 170, 172, 175, 178, 184, 189, 190, 195, 199]
r: 0.1 info: 1
s: [0, 7, 17, 23, 25, 42, 55, 58, 60, 61, 82, 84, 106, 110, 112, 114, 117, 119, 124, 125, 126, 131, 132, 141, 144, 149, 151, 153, 155, 156, 160, 163, 168, 170, 172, 175, 178, 184, 189, 190, 195, 199]
r: -9.526485169772059 info: 0.8942182033788413
