s: [86]
r: 0.1 info: 1
s: [23, 86]
r: 0.1 info: 1
s: [23, 86]
r: -0.1 info: -1
s: [23, 84, 86]
r: 0.1 info: 1
s: [23, 56, 84, 86]
r: 0.1 info: 1
s: [23, 56, 74, 84, 86]
r: 0.1 info: 1
s: [23, 56, 74, 84, 86]
r: -0.1 info: -1
s: [23, 56, 74, 84, 86]
r: -0.1 info: -1
s: [23, 56, 74, 84, 86, 92]
r: 0.1 info: 1
s: [23, 56, 74, 84, 86, 92, 185]
r: 0.1 info: 1
s: [23, 56, 74, 79, 84, 86, 92, 185]
r: 0.1 info: 1
s: [23, 56, 74, 79, 84, 86, 92, 185]
r: -0.1 info: -1
s: [23, 43, 56, 74, 79, 84, 86, 92, 185]
r: 0.1 info: 1
s: [23, 43, 56, 74, 79, 84, 86, 92, 185]
r: -0.1 info: -1
s: [23, 43, 46, 56, 74, 79, 84, 86, 92, 185]
r: 0.1 info: 1
s: [23, 43, 46, 56, 74, 79, 84, 86, 92, 185]
r: -0.1 info: -1
s: [23, 43, 46, 56, 74, 79, 84, 86, 92, 185]
r: -0.1 info: -1
s: [23, 43, 46, 56, 74, 79, 84, 86, 92, 185]
r: -0.1 info: -1
s: [23, 43, 46, 56, 74, 79, 80, 84, 86, 92, 185]
r: 0.1 info: 1
s: [23, 43, 46, 56, 74, 79, 80, 84, 86, 92, 185]
r: -0.1 info: -1
s: [23, 43, 46, 56, 74, 79, 80, 84, 86, 92, 185]
r: -0.1 info: -1
s: [23, 43, 46, 56, 74, 79, 80, 84, 86, 92, 185]
r: -0.1 info: -1
s: [23, 43, 46, 51, 56, 74, 79, 80, 84, 86, 92, 185]
r: 0.1 info: 1
s: [23, 43, 46, 51, 56, 74, 79, 80, 84, 86, 92, 185, 196]
r: 0.1 info: 1
s: [23, 43, 46, 51, 56, 74, 79, 80, 84, 86, 92, 185, 196]
r: -0.1 info: -1
s: [23, 27, 43, 46, 51, 56, 74, 79, 80, 84, 86, 92, 185, 196]
r: 0.1 info: 1
s: [23, 27, 43, 46, 51, 56, 74, 79, 80, 84, 86, 92, 185, 196]
r: 4.869588334258879 info: 0.16324668744346127
