s: [155]
r: -0.05 info: 1
s: [155, 175]
r: -0.05 info: 1
s: [155, 167, 175]
r: -0.05 info: 1
s: [155, 167, 175, 190]
r: -0.05 info: 1
s: [106, 155, 167, 175, 190]
r: -0.05 info: 1
s: [106, 128, 155, 167, 175, 190]
r: -0.05 info: 1
s: [106, 128, 138, 155, 167, 175, 190]
r: -0.05 info: 1
s: [106, 110, 128, 138, 155, 167, 175, 190]
r: -0.05 info: 1
s: [106, 110, 128, 138, 155, 167, 175, 190]
r: -0.1 info: -1
s: [106, 110, 128, 138, 148, 155, 167, 175, 190]
r: -0.05 info: 1
s: [106, 110, 128, 138, 148, 155, 167, 175, 190]
r: -0.1 info: -1
s: [106, 110, 127, 128, 138, 148, 155, 167, 175, 190]
r: -0.05 info: 1
s: [104, 106, 110, 127, 128, 138, 148, 155, 167, 175, 190]
r: -0.05 info: 1
s: [104, 106, 110, 127, 128, 129, 138, 148, 155, 167, 175, 190]
r: -0.05 info: 1
s: [104, 106, 110, 127, 128, 129, 138, 148, 155, 167, 175, 190]
r: -0.1 info: -1
s: [104, 106, 110, 127, 128, 129, 138, 148, 155, 167, 175, 178, 190]
r: -0.05 info: 1
s: [104, 106, 110, 127, 128, 129, 138, 148, 155, 167, 175, 177, 178, 190]
r: -0.05 info: 1
s: [78, 104, 106, 110, 127, 128, 129, 138, 148, 155, 167, 175, 177, 178, 190]
r: -0.05 info: 1
s: [78, 104, 106, 110, 127, 128, 129, 138, 148, 155, 161, 167, 175, 177, 178, 190]
r: -0.05 info: 1
s: [78, 104, 106, 110, 127, 128, 129, 138, 144, 148, 155, 161, 167, 175, 177, 178, 190]
r: -0.05 info: 1
s: [78, 104, 106, 110, 127, 128, 129, 138, 144, 148, 155, 161, 167, 175, 177, 178, 186, 190]
r: -0.05 info: 1
s: [78, 104, 106, 110, 127, 128, 129, 138, 144, 148, 155, 161, 167, 175, 177, 178, 186, 190]
r: -0.1 info: -1
s: [78, 82, 104, 106, 110, 127, 128, 129, 138, 144, 148, 155, 161, 167, 175, 177, 178, 186, 190]
r: -0.05 info: 1
s: [78, 82, 87, 104, 106, 110, 127, 128, 129, 138, 144, 148, 155, 161, 167, 175, 177, 178, 186, 190]
r: -0.05 info: 1
s: [78, 82, 87, 104, 106, 110, 127, 128, 129, 138, 144, 148, 155, 161, 163, 167, 175, 177, 178, 186, 190]
r: -0.05 info: 1
s: [78, 82, 87, 94, 104, 106, 110, 127, 128, 129, 138, 144, 148, 155, 161, 163, 167, 175, 177, 178, 186, 190]
r: -0.05 info: 1
s: [78, 82, 87, 94, 104, 106, 110, 127, 128, 129, 138, 144, 148, 153, 155, 161, 163, 167, 175, 177, 178, 186, 190]
r: -0.05 info: 1
s: [78, 82, 87, 94, 104, 106, 110, 127, 128, 129, 138, 139, 144, 148, 153, 155, 161, 163, 167, 175, 177, 178, 186, 190]
r: -0.05 info: 1
s: [78, 82, 87, 94, 104, 106, 110, 127, 128, 129, 138, 139, 144, 148, 153, 155, 161, 163, 167, 175, 177, 178, 186, 187, 190]
r: -0.05 info: 1
s: [78, 82, 87, 94, 104, 106, 110, 127, 128, 129, 138, 139, 144, 148, 153, 155, 161, 163, 167, 175, 177, 178, 186, 187, 190]
r: -0.1 info: -1
s: [78, 82, 87, 94, 104, 106, 110, 127, 128, 129, 138, 139, 144, 148, 153, 155, 157, 161, 163, 167, 175, 177, 178, 186, 187, 190]
r: -0.05 info: 1
s: [13, 78, 82, 87, 94, 104, 106, 110, 127, 128, 129, 138, 139, 144, 148, 153, 155, 157, 161, 163, 167, 175, 177, 178, 186, 187, 190]
r: -0.05 info: 1
s: [13, 78, 82, 87, 94, 104, 106, 110, 127, 128, 129, 138, 139, 144, 148, 153, 155, 157, 161, 163, 167, 175, 177, 178, 186, 187, 190, 194]
r: -0.05 info: 1
s: [13, 78, 82, 87, 94, 97, 104, 106, 110, 127, 128, 129, 138, 139, 144, 148, 153, 155, 157, 161, 163, 167, 175, 177, 178, 186, 187, 190, 194]
r: -0.05 info: 1
s: [13, 78, 82, 87, 94, 97, 104, 106, 110, 127, 128, 129, 138, 139, 144, 148, 153, 155, 157, 161, 163, 167, 173, 175, 177, 178, 186, 187, 190, 194]
r: -0.05 info: 1
s: [13, 78, 82, 87, 94, 97, 104, 106, 110, 127, 128, 129, 138, 139, 144, 148, 153, 155, 157, 161, 163, 167, 173, 175, 177, 178, 186, 187, 190, 194]
r: -0.1 info: -1
s: [13, 78, 82, 87, 94, 97, 104, 106, 110, 127, 128, 129, 138, 139, 144, 148, 153, 155, 157, 161, 163, 165, 167, 173, 175, 177, 178, 186, 187, 190, 194]
r: -0.05 info: 1
s: [13, 78, 82, 87, 93, 94, 97, 104, 106, 110, 127, 128, 129, 138, 139, 144, 148, 153, 155, 157, 161, 163, 165, 167, 173, 175, 177, 178, 186, 187, 190, 194]
r: -0.05 info: 1
s: [13, 78, 82, 87, 93, 94, 97, 104, 106, 110, 115, 127, 128, 129, 138, 139, 144, 148, 153, 155, 157, 161, 163, 165, 167, 173, 175, 177, 178, 186, 187, 190, 194]
r: -0.05 info: 1
s: [13, 78, 82, 87, 93, 94, 97, 104, 106, 110, 115, 127, 128, 129, 138, 139, 144, 148, 153, 155, 157, 161, 163, 165, 167, 173, 175, 177, 178, 186, 187, 190, 194]
r: -0.1 info: -1
s: [13, 78, 82, 87, 93, 94, 97, 104, 106, 110, 115, 127, 128, 129, 138, 139, 144, 148, 153, 155, 157, 161, 163, 165, 167, 173, 175, 177, 178, 186, 187, 190, 194]
r: -0.1 info: -1
s: [13, 78, 82, 87, 93, 94, 97, 104, 106, 110, 115, 127, 128, 129, 138, 139, 144, 148, 153, 155, 157, 161, 163, 165, 167, 173, 175, 177, 178, 186, 187, 190, 194]
r: -0.1 info: -1
s: [13, 78, 82, 87, 93, 94, 97, 104, 106, 110, 115, 127, 128, 129, 138, 139, 144, 148, 153, 155, 157, 161, 163, 165, 167, 173, 175, 177, 178, 186, 187, 190, 194]
r: -0.1 info: -1
s: [13, 78, 82, 87, 93, 94, 97, 104, 106, 110, 115, 127, 128, 129, 138, 139, 144, 147, 148, 153, 155, 157, 161, 163, 165, 167, 173, 175, 177, 178, 186, 187, 190, 194]
r: -0.05 info: 1
s: [13, 78, 82, 87, 93, 94, 97, 104, 106, 110, 115, 127, 128, 129, 138, 139, 144, 147, 148, 150, 153, 155, 157, 161, 163, 165, 167, 173, 175, 177, 178, 186, 187, 190, 194]
r: -0.05 info: 1
s: [13, 78, 82, 87, 93, 94, 97, 104, 106, 110, 115, 127, 128, 129, 138, 139, 144, 147, 148, 150, 153, 155, 157, 161, 163, 165, 167, 173, 175, 177, 178, 186, 187, 190, 194]
r: -0.1 info: -1
s: [13, 78, 82, 87, 93, 94, 97, 104, 106, 110, 115, 124, 127, 128, 129, 138, 139, 144, 147, 148, 150, 153, 155, 157, 161, 163, 165, 167, 173, 175, 177, 178, 186, 187, 190, 194]
r: -0.05 info: 1
s: [13, 78, 82, 87, 93, 94, 97, 104, 106, 110, 115, 124, 127, 128, 129, 138, 139, 144, 147, 148, 150, 153, 155, 157, 161, 163, 165, 167, 173, 175, 177, 178, 186, 187, 190, 192, 194]
r: -0.05 info: 1
s: [13, 78, 82, 87, 93, 94, 97, 104, 106, 110, 115, 124, 127, 128, 129, 138, 139, 144, 147, 148, 150, 153, 155, 157, 161, 163, 165, 167, 173, 175, 177, 178, 186, 187, 190, 192, 194]
r: -0.1 info: -1
s: [13, 78, 82, 87, 93, 94, 97, 104, 106, 110, 115, 124, 127, 128, 129, 138, 139, 144, 147, 148, 150, 153, 155, 157, 161, 163, 165, 167, 173, 175, 177, 178, 186, 187, 190, 192, 194]
r: -0.1 info: -1
s: [13, 78, 82, 87, 93, 94, 97, 104, 106, 110, 115, 124, 127, 128, 129, 138, 139, 144, 147, 148, 150, 153, 155, 157, 161, 163, 165, 166, 167, 173, 175, 177, 178, 186, 187, 190, 192, 194]
r: -0.05 info: 1
s: [13, 78, 82, 87, 93, 94, 97, 104, 106, 110, 115, 124, 127, 128, 129, 138, 139, 144, 147, 148, 150, 153, 155, 157, 161, 163, 165, 166, 167, 173, 175, 177, 178, 186, 187, 190, 192, 194]
r: -0.1 info: -1
s: [13, 78, 82, 87, 93, 94, 97, 104, 106, 110, 115, 124, 127, 128, 129, 138, 139, 144, 147, 148, 150, 153, 155, 156, 157, 161, 163, 165, 166, 167, 173, 175, 177, 178, 186, 187, 190, 192, 194]
r: -0.05 info: 1
s: [13, 78, 82, 87, 93, 94, 97, 104, 106, 110, 115, 124, 127, 128, 129, 138, 139, 144, 147, 148, 150, 153, 155, 156, 157, 161, 163, 164, 165, 166, 167, 173, 175, 177, 178, 186, 187, 190, 192, 194]
r: -0.05 info: 1
s: [13, 78, 82, 87, 93, 94, 97, 104, 106, 110, 115, 124, 127, 128, 129, 138, 139, 144, 147, 148, 150, 153, 155, 156, 157, 161, 163, 164, 165, 166, 167, 173, 175, 177, 178, 186, 187, 190, 192, 194]
r: -0.1 info: -1
s: [13, 78, 82, 87, 93, 94, 97, 103, 104, 106, 110, 115, 124, 127, 128, 129, 138, 139, 144, 147, 148, 150, 153, 155, 156, 157, 161, 163, 164, 165, 166, 167, 173, 175, 177, 178, 186, 187, 190, 192, 194]
r: -0.05 info: 1
s: [13, 78, 82, 87, 93, 94, 97, 103, 104, 106, 110, 115, 124, 127, 128, 129, 138, 139, 144, 147, 148, 150, 153, 155, 156, 157, 161, 163, 164, 165, 166, 167, 173, 175, 177, 178, 186, 187, 190, 192, 194]
r: -0.1 info: -1
s: [13, 78, 82, 87, 93, 94, 97, 103, 104, 106, 110, 115, 124, 127, 128, 129, 138, 139, 144, 145, 147, 148, 150, 153, 155, 156, 157, 161, 163, 164, 165, 166, 167, 173, 175, 177, 178, 186, 187, 190, 192, 194]
r: -0.05 info: 1
s: [13, 78, 82, 86, 87, 93, 94, 97, 103, 104, 106, 110, 115, 124, 127, 128, 129, 138, 139, 144, 145, 147, 148, 150, 153, 155, 156, 157, 161, 163, 164, 165, 166, 167, 173, 175, 177, 178, 186, 187, 190, 192, 194]
r: -0.05 info: 1
s: [13, 78, 82, 86, 87, 93, 94, 97, 103, 104, 106, 110, 115, 121, 124, 127, 128, 129, 138, 139, 144, 145, 147, 148, 150, 153, 155, 156, 157, 161, 163, 164, 165, 166, 167, 173, 175, 177, 178, 186, 187, 190, 192, 194]
r: -0.05 info: 1
s: [13, 78, 82, 86, 87, 93, 94, 97, 103, 104, 106, 110, 115, 121, 124, 127, 128, 129, 138, 139, 144, 145, 147, 148, 150, 153, 155, 156, 157, 161, 163, 164, 165, 166, 167, 173, 175, 177, 178, 184, 186, 187, 190, 192, 194]
r: -0.05 info: 1
s: [13, 78, 82, 86, 87, 93, 94, 97, 103, 104, 106, 110, 115, 121, 124, 127, 128, 129, 138, 139, 144, 145, 147, 148, 150, 153, 155, 156, 157, 161, 163, 164, 165, 166, 167, 173, 175, 177, 178, 184, 186, 187, 190, 192, 194]
r: -0.1 info: -1
s: [13, 78, 82, 86, 87, 93, 94, 97, 103, 104, 106, 110, 115, 121, 124, 127, 128, 129, 138, 139, 144, 145, 147, 148, 150, 153, 155, 156, 157, 161, 163, 164, 165, 166, 167, 173, 174, 175, 177, 178, 184, 186, 187, 190, 192, 194]
r: -0.05 info: 1
s: [13, 78, 82, 86, 87, 93, 94, 97, 103, 104, 106, 110, 115, 121, 124, 127, 128, 129, 138, 139, 144, 145, 147, 148, 150, 152, 153, 155, 156, 157, 161, 163, 164, 165, 166, 167, 173, 174, 175, 177, 178, 184, 186, 187, 190, 192, 194]
r: -0.05 info: 1
s: [13, 78, 82, 86, 87, 93, 94, 97, 103, 104, 106, 110, 115, 121, 124, 127, 128, 129, 138, 139, 144, 145, 147, 148, 150, 152, 153, 155, 156, 157, 161, 163, 164, 165, 166, 167, 173, 174, 175, 177, 178, 184, 186, 187, 190, 192, 194]
r: -1.59749505110085 info: 0.023637512233108282
