s: [86]
r: 0.0 info: 1
s: [12, 86]
r: 0.0 info: 1
s: [12, 86, 174]
r: 0.0 info: 1
s: [12, 86, 174, 191]
r: 0.0 info: 1
s: [12, 86, 174, 191, 199]
r: 0.0 info: 1
s: [12, 86, 107, 174, 191, 199]
r: 0.0 info: 1
s: [7, 12, 86, 107, 174, 191, 199]
r: 0.0 info: 1
s: [7, 12, 70, 86, 107, 174, 191, 199]
r: 0.0 info: 1
s: [7, 12, 70, 73, 86, 107, 174, 191, 199]
r: 0.0 info: 1
s: [7, 12, 66, 70, 73, 86, 107, 174, 191, 199]
r: 0.0 info: 1
s: [7, 12, 66, 70, 73, 86, 107, 135, 174, 191, 199]
r: 0.0 info: 1
s: [7, 12, 33, 66, 70, 73, 86, 107, 135, 174, 191, 199]
r: 0.0 info: 1
s: [7, 12, 33, 66, 70, 73, 86, 107, 109, 135, 174, 191, 199]
r: 0.0 info: 1
s: [7, 12, 33, 66, 70, 73, 86, 107, 109, 135, 174, 188, 191, 199]
r: 0.0 info: 1
s: [7, 12, 33, 66, 70, 73, 86, 107, 109, 114, 135, 174, 188, 191, 199]
r: 0.0 info: 1
s: [7, 12, 33, 61, 66, 70, 73, 86, 107, 109, 114, 135, 174, 188, 191, 199]
r: 0.0 info: 1
s: [7, 12, 33, 35, 61, 66, 70, 73, 86, 107, 109, 114, 135, 174, 188, 191, 199]
r: 0.0 info: 1
s: [7, 12, 24, 33, 35, 61, 66, 70, 73, 86, 107, 109, 114, 135, 174, 188, 191, 199]
r: 0.0 info: 1
s: [5, 7, 12, 24, 33, 35, 61, 66, 70, 73, 86, 107, 109, 114, 135, 174, 188, 191, 199]
r: 0.0 info: 1
s: [5, 7, 12, 24, 33, 35, 43, 61, 66, 70, 73, 86, 107, 109, 114, 135, 174, 188, 191, 199]
r: 0.0 info: 1
s: [5, 7, 12, 24, 33, 35, 43, 61, 66, 70, 73, 86, 107, 109, 114, 130, 135, 174, 188, 191, 199]
r: 0.0 info: 1
s: [5, 7, 12, 24, 33, 35, 43, 61, 66, 70, 73, 86, 107, 109, 114, 130, 135, 174, 188, 191, 199]
r: -0.1 info: -1
s: [5, 7, 12, 24, 33, 35, 43, 61, 66, 70, 73, 86, 107, 109, 114, 123, 130, 135, 174, 188, 191, 199]
r: 0.0 info: 1
s: [5, 7, 12, 24, 33, 35, 43, 61, 66, 70, 73, 86, 107, 109, 114, 123, 130, 135, 164, 174, 188, 191, 199]
r: 0.0 info: 1
s: [5, 7, 12, 24, 28, 33, 35, 43, 61, 66, 70, 73, 86, 107, 109, 114, 123, 130, 135, 164, 174, 188, 191, 199]
r: 0.0 info: 1
s: [5, 7, 12, 24, 27, 28, 33, 35, 43, 61, 66, 70, 73, 86, 107, 109, 114, 123, 130, 135, 164, 174, 188, 191, 199]
r: 0.0 info: 1
s: [5, 7, 12, 24, 27, 28, 33, 35, 43, 61, 66, 70, 73, 86, 107, 109, 114, 123, 130, 135, 164, 170, 174, 188, 191, 199]
r: 0.0 info: 1
s: [5, 7, 12, 24, 27, 28, 33, 35, 43, 61, 66, 70, 73, 86, 107, 109, 114, 123, 130, 135, 164, 170, 174, 188, 191, 199]
r: -0.1 info: -1
s: [5, 7, 12, 24, 27, 28, 33, 35, 43, 58, 61, 66, 70, 73, 86, 107, 109, 114, 123, 130, 135, 164, 170, 174, 188, 191, 199]
r: 0.0 info: 1
s: [5, 7, 12, 24, 27, 28, 33, 35, 43, 58, 61, 66, 70, 73, 86, 107, 109, 114, 123, 130, 135, 161, 164, 170, 174, 188, 191, 199]
r: 0.0 info: 1
s: [5, 6, 7, 12, 24, 27, 28, 33, 35, 43, 58, 61, 66, 70, 73, 86, 107, 109, 114, 123, 130, 135, 161, 164, 170, 174, 188, 191, 199]
r: 0.0 info: 1
s: [5, 6, 7, 12, 24, 27, 28, 33, 35, 43, 58, 61, 66, 70, 73, 86, 107, 109, 114, 123, 130, 135, 161, 164, 170, 174, 188, 191, 197, 199]
r: 0.0 info: 1
s: [5, 6, 7, 12, 24, 27, 28, 33, 35, 43, 58, 61, 66, 70, 73, 86, 107, 109, 114, 123, 130, 135, 161, 164, 170, 174, 177, 188, 191, 197, 199]
r: 0.0 info: 1
s: [5, 6, 7, 12, 24, 27, 28, 33, 35, 43, 58, 61, 66, 70, 73, 86, 107, 109, 114, 123, 130, 135, 161, 164, 170, 174, 177, 188, 191, 197, 199]
r: -0.1 info: -1
s: [5, 6, 7, 12, 24, 27, 28, 33, 35, 43, 58, 61, 66, 70, 73, 86, 107, 109, 114, 123, 130, 135, 161, 164, 170, 174, 177, 188, 191, 197, 199]
r: -0.1 info: -1
s: [5, 6, 7, 12, 24, 27, 28, 33, 35, 43, 58, 59, 61, 66, 70, 73, 86, 107, 109, 114, 123, 130, 135, 161, 164, 170, 174, 177, 188, 191, 197, 199]
r: 0.0 info: 1
s: [5, 6, 7, 12, 24, 27, 28, 33, 35, 43, 58, 59, 61, 66, 70, 73, 86, 91, 107, 109, 114, 123, 130, 135, 161, 164, 170, 174, 177, 188, 191, 197, 199]
r: 0.0 info: 1
s: [5, 6, 7, 12, 24, 27, 28, 33, 35, 43, 58, 59, 61, 66, 70, 73, 86, 91, 107, 109, 114, 120, 123, 130, 135, 161, 164, 170, 174, 177, 188, 191, 197, 199]
r: 0.0 info: 1
s: [5, 6, 7, 12, 24, 27, 28, 33, 35, 43, 58, 59, 61, 66, 69, 70, 73, 86, 91, 107, 109, 114, 120, 123, 130, 135, 161, 164, 170, 174, 177, 188, 191, 197, 199]
r: 0.0 info: 1
s: [5, 6, 7, 12, 24, 27, 28, 33, 35, 43, 58, 59, 61, 66, 69, 70, 73, 86, 91, 107, 109, 114, 120, 123, 130, 135, 161, 164, 170, 174, 177, 188, 191, 197, 199]
r: -0.1 info: -1
s: [5, 6, 7, 12, 20, 24, 27, 28, 33, 35, 43, 58, 59, 61, 66, 69, 70, 73, 86, 91, 107, 109, 114, 120, 123, 130, 135, 161, 164, 170, 174, 177, 188, 191, 197, 199]
r: 0.0 info: 1
s: [5, 6, 7, 12, 20, 24, 27, 28, 33, 35, 43, 44, 58, 59, 61, 66, 69, 70, 73, 86, 91, 107, 109, 114, 120, 123, 130, 135, 161, 164, 170, 174, 177, 188, 191, 197, 199]
r: 0.0 info: 1
s: [5, 6, 7, 12, 20, 24, 27, 28, 33, 35, 43, 44, 58, 59, 61, 66, 69, 70, 73, 86, 91, 107, 109, 114, 120, 123, 130, 135, 161, 164, 170, 174, 177, 188, 191, 197, 199]
r: -0.1 info: -1
s: [5, 6, 7, 12, 20, 24, 27, 28, 33, 35, 43, 44, 58, 59, 61, 66, 69, 70, 73, 81, 86, 91, 107, 109, 114, 120, 123, 130, 135, 161, 164, 170, 174, 177, 188, 191, 197, 199]
r: 0.0 info: 1
s: [5, 6, 7, 12, 20, 24, 27, 28, 33, 35, 43, 44, 58, 59, 61, 66, 69, 70, 73, 81, 86, 91, 107, 109, 113, 114, 120, 123, 130, 135, 161, 164, 170, 174, 177, 188, 191, 197, 199]
r: 0.0 info: 1
s: [5, 6, 7, 12, 20, 24, 27, 28, 33, 35, 43, 44, 58, 59, 61, 66, 69, 70, 73, 81, 86, 91, 107, 109, 113, 114, 120, 123, 130, 135, 136, 161, 164, 170, 174, 177, 188, 191, 197, 199]
r: 0.0 info: 1
s: [5, 6, 7, 12, 20, 24, 27, 28, 33, 35, 43, 44, 58, 59, 61, 66, 69, 70, 73, 81, 86, 91, 107, 109, 111, 113, 114, 120, 123, 130, 135, 136, 161, 164, 170, 174, 177, 188, 191, 197, 199]
r: 0.0 info: 1
s: [5, 6, 7, 12, 20, 24, 27, 28, 33, 35, 43, 44, 58, 59, 61, 66, 69, 70, 72, 73, 81, 86, 91, 107, 109, 111, 113, 114, 120, 123, 130, 135, 136, 161, 164, 170, 174, 177, 188, 191, 197, 199]
r: 0.0 info: 1
s: [5, 6, 7, 12, 20, 24, 27, 28, 33, 35, 43, 44, 58, 59, 61, 66, 69, 70, 72, 73, 81, 83, 86, 91, 107, 109, 111, 113, 114, 120, 123, 130, 135, 136, 161, 164, 170, 174, 177, 188, 191, 197, 199]
r: 0.0 info: 1
s: [5, 6, 7, 12, 20, 24, 27, 28, 33, 35, 43, 44, 58, 59, 61, 66, 69, 70, 72, 73, 81, 83, 86, 91, 107, 109, 111, 113, 114, 120, 123, 130, 135, 136, 161, 164, 170, 174, 177, 182, 188, 191, 197, 199]
r: 0.0 info: 1
s: [5, 6, 7, 12, 20, 24, 27, 28, 33, 35, 43, 44, 58, 59, 61, 66, 69, 70, 72, 73, 81, 83, 86, 91, 107, 109, 111, 113, 114, 116, 120, 123, 130, 135, 136, 161, 164, 170, 174, 177, 182, 188, 191, 197, 199]
r: 0.0 info: 1
s: [5, 6, 7, 12, 20, 24, 27, 28, 33, 35, 43, 44, 58, 59, 61, 66, 69, 70, 72, 73, 81, 83, 86, 91, 107, 109, 111, 113, 114, 116, 120, 123, 130, 135, 136, 161, 164, 170, 174, 177, 182, 188, 191, 197, 199]
r: -0.1 info: -1
s: [5, 6, 7, 10, 12, 20, 24, 27, 28, 33, 35, 43, 44, 58, 59, 61, 66, 69, 70, 72, 73, 81, 83, 86, 91, 107, 109, 111, 113, 114, 116, 120, 123, 130, 135, 136, 161, 164, 170, 174, 177, 182, 188, 191, 197, 199]
r: 0.0 info: 1
s: [5, 6, 7, 10, 12, 20, 24, 27, 28, 33, 35, 43, 44, 58, 59, 61, 66, 69, 70, 72, 73, 81, 83, 86, 91, 107, 109, 111, 113, 114, 116, 120, 123, 126, 130, 135, 136, 161, 164, 170, 174, 177, 182, 188, 191, 197, 199]
r: 0.0 info: 1
s: [5, 6, 7, 10, 12, 20, 24, 27, 28, 33, 35, 43, 44, 50, 58, 59, 61, 66, 69, 70, 72, 73, 81, 83, 86, 91, 107, 109, 111, 113, 114, 116, 120, 123, 126, 130, 135, 136, 161, 164, 170, 174, 177, 182, 188, 191, 197, 199]
r: 0.0 info: 1
s: [5, 6, 7, 10, 12, 20, 24, 27, 28, 33, 35, 43, 44, 50, 58, 59, 61, 66, 69, 70, 72, 73, 81, 83, 86, 91, 107, 109, 111, 113, 114, 116, 120, 123, 126, 130, 135, 136, 137, 161, 164, 170, 174, 177, 182, 188, 191, 197, 199]
r: 0.0 info: 1
s: [5, 6, 7, 10, 12, 20, 24, 27, 28, 33, 35, 40, 43, 44, 50, 58, 59, 61, 66, 69, 70, 72, 73, 81, 83, 86, 91, 107, 109, 111, 113, 114, 116, 120, 123, 126, 130, 135, 136, 137, 161, 164, 170, 174, 177, 182, 188, 191, 197, 199]
r: 0.0 info: 1
s: [5, 6, 7, 10, 12, 20, 24, 27, 28, 33, 35, 40, 43, 44, 50, 58, 59, 61, 66, 69, 70, 72, 73, 81, 83, 86, 91, 107, 109, 111, 113, 114, 116, 120, 123, 126, 128, 130, 135, 136, 137, 161, 164, 170, 174, 177, 182, 188, 191, 197, 199]
r: 0.0 info: 1
s: [5, 6, 7, 10, 12, 20, 24, 27, 28, 33, 35, 40, 43, 44, 50, 58, 59, 61, 66, 69, 70, 72, 73, 81, 83, 86, 91, 107, 109, 111, 113, 114, 116, 120, 123, 126, 128, 130, 135, 136, 137, 157, 161, 164, 170, 174, 177, 182, 188, 191, 197, 199]
r: 0.0 info: 1
s: [5, 6, 7, 10, 12, 20, 24, 27, 28, 33, 35, 38, 40, 43, 44, 50, 58, 59, 61, 66, 69, 70, 72, 73, 81, 83, 86, 91, 107, 109, 111, 113, 114, 116, 120, 123, 126, 128, 130, 135, 136, 137, 157, 161, 164, 170, 174, 177, 182, 188, 191, 197, 199]
r: 0.0 info: 1
s: [5, 6, 7, 10, 12, 20, 24, 27, 28, 33, 35, 38, 40, 43, 44, 50, 58, 59, 61, 66, 69, 70, 72, 73, 81, 83, 86, 91, 107, 109, 111, 113, 114, 116, 120, 123, 126, 128, 130, 135, 136, 137, 157, 161, 164, 170, 171, 174, 177, 182, 188, 191, 197, 199]
r: 0.0 info: 1
s: [5, 6, 7, 10, 12, 20, 24, 27, 28, 33, 35, 38, 40, 43, 44, 50, 58, 59, 61, 66, 69, 70, 72, 73, 81, 83, 86, 91, 93, 107, 109, 111, 113, 114, 116, 120, 123, 126, 128, 130, 135, 136, 137, 157, 161, 164, 170, 171, 174, 177, 182, 188, 191, 197, 199]
r: 0.0 info: 1
s: [5, 6, 7, 10, 12, 20, 24, 27, 28, 33, 35, 38, 40, 43, 44, 50, 58, 59, 61, 66, 69, 70, 72, 73, 81, 83, 86, 91, 93, 107, 109, 111, 113, 114, 116, 120, 123, 126, 128, 130, 135, 136, 137, 157, 161, 164, 170, 171, 174, 177, 181, 182, 188, 191, 197, 199]
r: 0.0 info: 1
s: [5, 6, 7, 10, 12, 20, 24, 27, 28, 33, 35, 38, 40, 43, 44, 50, 58, 59, 61, 66, 69, 70, 72, 73, 81, 83, 86, 91, 93, 107, 109, 111, 113, 114, 116, 120, 123, 126, 128, 130, 135, 136, 137, 157, 161, 164, 170, 171, 174, 177, 181, 182, 188, 191, 197, 199]
r: -0.1 info: -1
s: [5, 6, 7, 10, 12, 20, 24, 27, 28, 33, 35, 38, 40, 43, 44, 50, 58, 59, 61, 66, 69, 70, 72, 73, 81, 83, 86, 91, 93, 107, 109, 111, 113, 114, 116, 120, 123, 126, 128, 130, 135, 136, 137, 157, 161, 164, 170, 171, 174, 177, 181, 182, 188, 191, 197, 199]
r: -0.1 info: -1
s: [5, 6, 7, 9, 10, 12, 20, 24, 27, 28, 33, 35, 38, 40, 43, 44, 50, 58, 59, 61, 66, 69, 70, 72, 73, 81, 83, 86, 91, 93, 107, 109, 111, 113, 114, 116, 120, 123, 126, 128, 130, 135, 136, 137, 157, 161, 164, 170, 171, 174, 177, 181, 182, 188, 191, 197, 199]
r: 0.0 info: 1
s: [5, 6, 7, 9, 10, 12, 20, 24, 27, 28, 33, 35, 38, 40, 43, 44, 50, 58, 59, 61, 66, 69, 70, 72, 73, 81, 83, 86, 91, 93, 97, 107, 109, 111, 113, 114, 116, 120, 123, 126, 128, 130, 135, 136, 137, 157, 161, 164, 170, 171, 174, 177, 181, 182, 188, 191, 197, 199]
r: 0.0 info: 1
s: [5, 6, 7, 9, 10, 12, 20, 24, 27, 28, 33, 35, 38, 40, 43, 44, 50, 58, 59, 61, 66, 69, 70, 72, 73, 81, 83, 86, 87, 91, 93, 97, 107, 109, 111, 113, 114, 116, 120, 123, 126, 128, 130, 135, 136, 137, 157, 161, 164, 170, 171, 174, 177, 181, 182, 188, 191, 197, 199]
r: 0.0 info: 1
s: [5, 6, 7, 9, 10, 12, 20, 22, 24, 27, 28, 33, 35, 38, 40, 43, 44, 50, 58, 59, 61, 66, 69, 70, 72, 73, 81, 83, 86, 87, 91, 93, 97, 107, 109, 111, 113, 114, 116, 120, 123, 126, 128, 130, 135, 136, 137, 157, 161, 164, 170, 171, 174, 177, 181, 182, 188, 191, 197, 199]
r: 0.0 info: 1
s: [5, 6, 7, 9, 10, 12, 20, 22, 24, 27, 28, 33, 35, 38, 40, 43, 44, 45, 50, 58, 59, 61, 66, 69, 70, 72, 73, 81, 83, 86, 87, 91, 93, 97, 107, 109, 111, 113, 114, 116, 120, 123, 126, 128, 130, 135, 136, 137, 157, 161, 164, 170, 171, 174, 177, 181, 182, 188, 191, 197, 199]
r: 0.0 info: 1
s: [5, 6, 7, 9, 10, 12, 20, 22, 24, 27, 28, 33, 35, 38, 40, 43, 44, 45, 50, 58, 59, 61, 66, 69, 70, 72, 73, 81, 83, 86, 87, 91, 93, 96, 97, 107, 109, 111, 113, 114, 116, 120, 123, 126, 128, 130, 135, 136, 137, 157, 161, 164, 170, 171, 174, 177, 181, 182, 188, 191, 197, 199]
r: 0.0 info: 1
s: [5, 6, 7, 9, 10, 12, 20, 22, 24, 27, 28, 33, 35, 38, 40, 43, 44, 45, 50, 58, 59, 61, 66, 69, 70, 72, 73, 81, 83, 86, 87, 91, 93, 96, 97, 107, 109, 111, 113, 114, 116, 120, 123, 126, 128, 130, 135, 136, 137, 157, 161, 164, 170, 171, 174, 177, 181, 182, 188, 191, 197, 199]
r: -0.1 info: -1
s: [5, 6, 7, 9, 10, 12, 20, 22, 24, 27, 28, 33, 35, 38, 40, 43, 44, 45, 50, 52, 58, 59, 61, 66, 69, 70, 72, 73, 81, 83, 86, 87, 91, 93, 96, 97, 107, 109, 111, 113, 114, 116, 120, 123, 126, 128, 130, 135, 136, 137, 157, 161, 164, 170, 171, 174, 177, 181, 182, 188, 191, 197, 199]
r: 0.0 info: 1
s: [5, 6, 7, 9, 10, 12, 20, 22, 24, 27, 28, 33, 35, 38, 40, 43, 44, 45, 50, 52, 58, 59, 61, 66, 69, 70, 72, 73, 81, 83, 86, 87, 91, 93, 96, 97, 107, 109, 111, 113, 114, 116, 120, 123, 126, 128, 130, 135, 136, 137, 156, 157, 161, 164, 170, 171, 174, 177, 181, 182, 188, 191, 197, 199]
r: 0.0 info: 1
s: [5, 6, 7, 9, 10, 12, 20, 22, 24, 27, 28, 33, 35, 38, 40, 43, 44, 45, 50, 52, 58, 59, 61, 66, 69, 70, 72, 73, 81, 83, 86, 87, 91, 93, 96, 97, 107, 109, 111, 112, 113, 114, 116, 120, 123, 126, 128, 130, 135, 136, 137, 156, 157, 161, 164, 170, 171, 174, 177, 181, 182, 188, 191, 197, 199]
r: 0.0 info: 1
s: [5, 6, 7, 9, 10, 12, 14, 20, 22, 24, 27, 28, 33, 35, 38, 40, 43, 44, 45, 50, 52, 58, 59, 61, 66, 69, 70, 72, 73, 81, 83, 86, 87, 91, 93, 96, 97, 107, 109, 111, 112, 113, 114, 116, 120, 123, 126, 128, 130, 135, 136, 137, 156, 157, 161, 164, 170, 171, 174, 177, 181, 182, 188, 191, 197, 199]
r: 0.0 info: 1
s: [5, 6, 7, 9, 10, 12, 14, 20, 22, 24, 27, 28, 33, 35, 38, 40, 43, 44, 45, 50, 52, 58, 59, 61, 66, 69, 70, 72, 73, 81, 83, 86, 87, 91, 93, 96, 97, 107, 109, 111, 112, 113, 114, 116, 120, 123, 126, 128, 130, 135, 136, 137, 156, 157, 161, 164, 169, 170, 171, 174, 177, 181, 182, 188, 191, 197, 199]
r: 0.0 info: 1
s: [5, 6, 7, 9, 10, 12, 14, 20, 22, 24, 27, 28, 33, 35, 38, 40, 43, 44, 45, 50, 52, 58, 59, 61, 66, 69, 70, 72, 73, 81, 83, 86, 87, 91, 93, 96, 97, 107, 109, 111, 112, 113, 114, 116, 120, 123, 126, 128, 130, 135, 136, 137, 148, 156, 157, 161, 164, 169, 170, 171, 174, 177, 181, 182, 188, 191, 197, 199]
r: 0.0 info: 1
s: [5, 6, 7, 9, 10, 12, 14, 20, 22, 24, 27, 28, 33, 35, 38, 40, 43, 44, 45, 50, 52, 58, 59, 61, 66, 69, 70, 72, 73, 81, 83, 86, 87, 91, 93, 96, 97, 107, 109, 111, 112, 113, 114, 116, 120, 123, 126, 128, 130, 135, 136, 137, 148, 156, 157, 161, 164, 169, 170, 171, 174, 177, 181, 182, 188, 191, 197, 199]
r: -0.1 info: -1
s: [5, 6, 7, 9, 10, 12, 14, 20, 22, 24, 27, 28, 33, 35, 38, 40, 43, 44, 45, 50, 52, 58, 59, 61, 66, 69, 70, 72, 73, 81, 83, 86, 87, 91, 93, 96, 97, 107, 109, 111, 112, 113, 114, 116, 120, 123, 126, 128, 130, 135, 136, 137, 148, 156, 157, 161, 164, 169, 170, 171, 174, 177, 181, 182, 188, 191, 197, 199]
r: -0.1 info: -1
s: [5, 6, 7, 9, 10, 12, 14, 20, 22, 24, 27, 28, 33, 35, 38, 40, 43, 44, 45, 50, 52, 58, 59, 61, 66, 69, 70, 72, 73, 81, 83, 86, 87, 91, 93, 96, 97, 107, 109, 111, 112, 113, 114, 116, 120, 123, 126, 128, 130, 135, 136, 137, 148, 156, 157, 161, 164, 169, 170, 171, 174, 177, 181, 182, 188, 191, 197, 199]
r: -0.1 info: -1
s: [5, 6, 7, 9, 10, 12, 14, 20, 22, 24, 27, 28, 33, 35, 38, 40, 43, 44, 45, 50, 52, 58, 59, 61, 66, 69, 70, 72, 73, 81, 83, 86, 87, 91, 93, 96, 97, 107, 109, 111, 112, 113, 114, 116, 120, 123, 126, 128, 130, 135, 136, 137, 148, 156, 157, 161, 164, 169, 170, 171, 174, 177, 181, 182, 188, 191, 197, 199]
r: -0.1 info: -1
s: [5, 6, 7, 9, 10, 12, 14, 20, 22, 24, 27, 28, 33, 35, 38, 40, 43, 44, 45, 50, 52, 58, 59, 61, 66, 69, 70, 72, 73, 81, 83, 86, 87, 91, 93, 96, 97, 107, 109, 111, 112, 113, 114, 116, 120, 123, 126, 128, 130, 135, 136, 137, 148, 156, 157, 161, 164, 169, 170, 171, 174, 177, 181, 182, 188, 191, 195, 197, 199]
r: 0.0 info: 1
s: [5, 6, 7, 9, 10, 12, 14, 20, 22, 24, 27, 28, 33, 35, 38, 40, 43, 44, 45, 50, 52, 58, 59, 61, 66, 67, 69, 70, 72, 73, 81, 83, 86, 87, 91, 93, 96, 97, 107, 109, 111, 112, 113, 114, 116, 120, 123, 126, 128, 130, 135, 136, 137, 148, 156, 157, 161, 164, 169, 170, 171, 174, 177, 181, 182, 188, 191, 195, 197, 199]
r: 0.0 info: 1
s: [5, 6, 7, 9, 10, 12, 14, 20, 22, 24, 27, 28, 33, 35, 38, 40, 43, 44, 45, 50, 52, 58, 59, 61, 63, 66, 67, 69, 70, 72, 73, 81, 83, 86, 87, 91, 93, 96, 97, 107, 109, 111, 112, 113, 114, 116, 120, 123, 126, 128, 130, 135, 136, 137, 148, 156, 157, 161, 164, 169, 170, 171, 174, 177, 181, 182, 188, 191, 195, 197, 199]
r: 0.0 info: 1
s: [5, 6, 7, 9, 10, 12, 14, 20, 22, 24, 27, 28, 33, 35, 38, 40, 43, 44, 45, 50, 52, 58, 59, 61, 63, 66, 67, 69, 70, 72, 73, 81, 83, 86, 87, 91, 93, 96, 97, 107, 109, 111, 112, 113, 114, 116, 120, 123, 126, 128, 130, 135, 136, 137, 148, 156, 157, 161, 164, 169, 170, 171, 174, 177, 181, 182, 188, 191, 195, 197, 199]
r: -0.1 info: -1
s: [5, 6, 7, 9, 10, 12, 14, 20, 22, 24, 27, 28, 33, 35, 38, 40, 43, 44, 45, 50, 52, 58, 59, 61, 63, 66, 67, 69, 70, 72, 73, 81, 83, 86, 87, 91, 93, 96, 97, 107, 109, 111, 112, 113, 114, 116, 120, 123, 126, 128, 130, 135, 136, 137, 148, 149, 156, 157, 161, 164, 169, 170, 171, 174, 177, 181, 182, 188, 191, 195, 197, 199]
r: 0.0 info: 1
s: [5, 6, 7, 9, 10, 12, 14, 20, 22, 24, 27, 28, 33, 35, 38, 40, 43, 44, 45, 50, 52, 58, 59, 61, 63, 66, 67, 69, 70, 72, 73, 81, 83, 86, 87, 91, 93, 96, 97, 107, 109, 111, 112, 113, 114, 116, 120, 123, 125, 126, 128, 130, 135, 136, 137, 148, 149, 156, 157, 161, 164, 169, 170, 171, 174, 177, 181, 182, 188, 191, 195, 197, 199]
r: 0.0 info: 1
s: [5, 6, 7, 9, 10, 12, 14, 20, 22, 24, 27, 28, 33, 35, 38, 40, 43, 44, 45, 50, 52, 58, 59, 61, 63, 66, 67, 69, 70, 72, 73, 81, 83, 86, 87, 91, 93, 96, 97, 107, 109, 111, 112, 113, 114, 116, 120, 123, 125, 126, 128, 130, 135, 136, 137, 148, 149, 156, 157, 161, 164, 169, 170, 171, 174, 177, 181, 182, 188, 191, 195, 197, 199]
r: -0.1 info: -1
s: [5, 6, 7, 9, 10, 12, 14, 20, 22, 24, 27, 28, 33, 35, 38, 40, 43, 44, 45, 50, 52, 58, 59, 61, 63, 66, 67, 69, 70, 72, 73, 81, 83, 86, 87, 91, 93, 96, 97, 107, 109, 111, 112, 113, 114, 116, 120, 123, 125, 126, 128, 130, 135, 136, 137, 148, 149, 156, 157, 161, 164, 169, 170, 171, 174, 177, 181, 182, 188, 191, 195, 197, 199]
r: -0.1 info: -1
s: [5, 6, 7, 9, 10, 12, 14, 20, 22, 24, 27, 28, 33, 35, 38, 40, 43, 44, 45, 49, 50, 52, 58, 59, 61, 63, 66, 67, 69, 70, 72, 73, 81, 83, 86, 87, 91, 93, 96, 97, 107, 109, 111, 112, 113, 114, 116, 120, 123, 125, 126, 128, 130, 135, 136, 137, 148, 149, 156, 157, 161, 164, 169, 170, 171, 174, 177, 181, 182, 188, 191, 195, 197, 199]
r: 0.0 info: 1
s: [5, 6, 7, 9, 10, 12, 14, 20, 22, 24, 27, 28, 33, 35, 38, 40, 43, 44, 45, 49, 50, 52, 58, 59, 61, 63, 66, 67, 69, 70, 72, 73, 81, 83, 86, 87, 91, 93, 96, 97, 107, 109, 111, 112, 113, 114, 116, 120, 123, 125, 126, 128, 130, 135, 136, 137, 148, 149, 156, 157, 161, 164, 169, 170, 171, 174, 177, 181, 182, 188, 191, 195, 197, 199]
r: -0.1 info: -1
s: [5, 6, 7, 9, 10, 12, 14, 20, 22, 23, 24, 27, 28, 33, 35, 38, 40, 43, 44, 45, 49, 50, 52, 58, 59, 61, 63, 66, 67, 69, 70, 72, 73, 81, 83, 86, 87, 91, 93, 96, 97, 107, 109, 111, 112, 113, 114, 116, 120, 123, 125, 126, 128, 130, 135, 136, 137, 148, 149, 156, 157, 161, 164, 169, 170, 171, 174, 177, 181, 182, 188, 191, 195, 197, 199]
r: 0.0 info: 1
s: [5, 6, 7, 9, 10, 12, 14, 20, 22, 23, 24, 27, 28, 33, 35, 38, 40, 43, 44, 45, 49, 50, 52, 58, 59, 61, 63, 66, 67, 69, 70, 72, 73, 81, 83, 86, 87, 91, 93, 96, 97, 107, 109, 111, 112, 113, 114, 116, 120, 123, 125, 126, 128, 130, 135, 136, 137, 148, 149, 156, 157, 160, 161, 164, 169, 170, 171, 174, 177, 181, 182, 188, 191, 195, 197, 199]
r: 0.0 info: 1
s: [5, 6, 7, 9, 10, 12, 14, 20, 22, 23, 24, 27, 28, 33, 35, 38, 40, 43, 44, 45, 49, 50, 52, 58, 59, 61, 63, 66, 67, 69, 70, 72, 73, 78, 81, 83, 86, 87, 91, 93, 96, 97, 107, 109, 111, 112, 113, 114, 116, 120, 123, 125, 126, 128, 130, 135, 136, 137, 148, 149, 156, 157, 160, 161, 164, 169, 170, 171, 174, 177, 181, 182, 188, 191, 195, 197, 199]
r: 0.0 info: 1
s: [5, 6, 7, 9, 10, 12, 14, 20, 22, 23, 24, 27, 28, 33, 35, 38, 40, 43, 44, 45, 49, 50, 52, 58, 59, 61, 63, 66, 67, 69, 70, 72, 73, 78, 81, 83, 86, 87, 91, 93, 96, 97, 107, 109, 111, 112, 113, 114, 116, 120, 123, 125, 126, 128, 130, 135, 136, 137, 148, 149, 156, 157, 160, 161, 164, 169, 170, 171, 174, 177, 181, 182, 188, 191, 195, 197, 199]
r: -0.1 info: -1
s: [5, 6, 7, 9, 10, 12, 14, 20, 22, 23, 24, 27, 28, 33, 35, 38, 40, 43, 44, 45, 49, 50, 52, 58, 59, 61, 63, 66, 67, 69, 70, 72, 73, 78, 81, 83, 86, 87, 91, 93, 96, 97, 107, 109, 111, 112, 113, 114, 116, 120, 123, 125, 126, 128, 129, 130, 135, 136, 137, 148, 149, 156, 157, 160, 161, 164, 169, 170, 171, 174, 177, 181, 182, 188, 191, 195, 197, 199]
r: 0.0 info: 1
s: [5, 6, 7, 9, 10, 12, 14, 20, 22, 23, 24, 27, 28, 33, 35, 38, 40, 43, 44, 45, 49, 50, 52, 58, 59, 61, 63, 66, 67, 69, 70, 72, 73, 78, 81, 83, 85, 86, 87, 91, 93, 96, 97, 107, 109, 111, 112, 113, 114, 116, 120, 123, 125, 126, 128, 129, 130, 135, 136, 137, 148, 149, 156, 157, 160, 161, 164, 169, 170, 171, 174, 177, 181, 182, 188, 191, 195, 197, 199]
r: 0.0 info: 1
s: [5, 6, 7, 9, 10, 12, 14, 20, 22, 23, 24, 27, 28, 33, 35, 38, 40, 43, 44, 45, 49, 50, 52, 58, 59, 61, 63, 66, 67, 69, 70, 72, 73, 78, 81, 83, 85, 86, 87, 91, 93, 96, 97, 107, 109, 111, 112, 113, 114, 116, 120, 123, 125, 126, 128, 129, 130, 135, 136, 137, 148, 149, 151, 156, 157, 160, 161, 164, 169, 170, 171, 174, 177, 181, 182, 188, 191, 195, 197, 199]
r: 0.0 info: 1
s: [5, 6, 7, 9, 10, 12, 14, 20, 22, 23, 24, 27, 28, 33, 35, 38, 40, 43, 44, 45, 49, 50, 52, 58, 59, 61, 63, 66, 67, 69, 70, 72, 73, 78, 81, 83, 85, 86, 87, 91, 93, 96, 97, 107, 109, 111, 112, 113, 114, 116, 120, 123, 125, 126, 128, 129, 130, 135, 136, 137, 148, 149, 151, 156, 157, 160, 161, 164, 169, 170, 171, 174, 177, 181, 182, 188, 191, 195, 197, 199]
r: -0.1 info: -1
s: [5, 6, 7, 9, 10, 12, 14, 20, 22, 23, 24, 27, 28, 33, 35, 38, 40, 43, 44, 45, 49, 50, 52, 58, 59, 61, 63, 66, 67, 69, 70, 72, 73, 78, 81, 83, 85, 86, 87, 91, 93, 96, 97, 107, 109, 111, 112, 113, 114, 116, 120, 123, 125, 126, 128, 129, 130, 135, 136, 137, 148, 149, 151, 156, 157, 160, 161, 164, 169, 170, 171, 174, 177, 181, 182, 188, 191, 195, 197, 198, 199]
r: 0.0 info: 1
s: [5, 6, 7, 9, 10, 12, 14, 20, 22, 23, 24, 27, 28, 33, 35, 38, 40, 43, 44, 45, 49, 50, 52, 58, 59, 61, 63, 66, 67, 69, 70, 72, 73, 78, 81, 83, 85, 86, 87, 91, 93, 96, 97, 107, 109, 111, 112, 113, 114, 116, 120, 123, 125, 126, 128, 129, 130, 135, 136, 137, 148, 149, 151, 156, 157, 160, 161, 164, 169, 170, 171, 174, 177, 181, 182, 188, 191, 195, 197, 198, 199]
r: -0.1 info: -1
s: [5, 6, 7, 9, 10, 12, 14, 20, 22, 23, 24, 27, 28, 33, 35, 38, 40, 43, 44, 45, 49, 50, 52, 58, 59, 61, 63, 66, 67, 69, 70, 72, 73, 78, 81, 83, 85, 86, 87, 91, 93, 96, 97, 107, 109, 111, 112, 113, 114, 116, 120, 123, 125, 126, 128, 129, 130, 135, 136, 137, 148, 149, 151, 156, 157, 160, 161, 164, 169, 170, 171, 174, 177, 181, 182, 188, 191, 195, 197, 198, 199]
r: -0.1 info: -1
s: [5, 6, 7, 9, 10, 12, 14, 20, 22, 23, 24, 27, 28, 33, 35, 38, 40, 43, 44, 45, 49, 50, 52, 58, 59, 61, 63, 66, 67, 69, 70, 72, 73, 78, 81, 83, 85, 86, 87, 91, 93, 94, 96, 97, 107, 109, 111, 112, 113, 114, 116, 120, 123, 125, 126, 128, 129, 130, 135, 136, 137, 148, 149, 151, 156, 157, 160, 161, 164, 169, 170, 171, 174, 177, 181, 182, 188, 191, 195, 197, 198, 199]
r: 0.0 info: 1
s: [5, 6, 7, 9, 10, 12, 14, 20, 22, 23, 24, 27, 28, 33, 35, 38, 40, 43, 44, 45, 49, 50, 52, 58, 59, 61, 63, 66, 67, 69, 70, 72, 73, 78, 81, 83, 85, 86, 87, 91, 93, 94, 96, 97, 107, 109, 111, 112, 113, 114, 116, 120, 123, 125, 126, 128, 129, 130, 135, 136, 137, 148, 149, 151, 156, 157, 160, 161, 164, 169, 170, 171, 174, 177, 181, 182, 188, 191, 195, 197, 198, 199]
r: -0.1 info: -1
s: [5, 6, 7, 9, 10, 12, 14, 20, 22, 23, 24, 27, 28, 33, 35, 38, 40, 43, 44, 45, 49, 50, 52, 58, 59, 61, 63, 66, 67, 69, 70, 72, 73, 78, 80, 81, 83, 85, 86, 87, 91, 93, 94, 96, 97, 107, 109, 111, 112, 113, 114, 116, 120, 123, 125, 126, 128, 129, 130, 135, 136, 137, 148, 149, 151, 156, 157, 160, 161, 164, 169, 170, 171, 174, 177, 181, 182, 188, 191, 195, 197, 198, 199]
r: 0.0 info: 1
s: [5, 6, 7, 9, 10, 12, 14, 20, 22, 23, 24, 27, 28, 33, 35, 38, 40, 43, 44, 45, 49, 50, 52, 58, 59, 61, 63, 66, 67, 69, 70, 72, 73, 78, 80, 81, 83, 85, 86, 87, 90, 91, 93, 94, 96, 97, 107, 109, 111, 112, 113, 114, 116, 120, 123, 125, 126, 128, 129, 130, 135, 136, 137, 148, 149, 151, 156, 157, 160, 161, 164, 169, 170, 171, 174, 177, 181, 182, 188, 191, 195, 197, 198, 199]
r: 0.0 info: 1
s: [5, 6, 7, 9, 10, 12, 14, 20, 22, 23, 24, 27, 28, 33, 35, 38, 40, 43, 44, 45, 49, 50, 52, 58, 59, 61, 63, 66, 67, 69, 70, 72, 73, 78, 80, 81, 83, 85, 86, 87, 90, 91, 93, 94, 96, 97, 102, 107, 109, 111, 112, 113, 114, 116, 120, 123, 125, 126, 128, 129, 130, 135, 136, 137, 148, 149, 151, 156, 157, 160, 161, 164, 169, 170, 171, 174, 177, 181, 182, 188, 191, 195, 197, 198, 199]
r: 0.0 info: 1
s: [5, 6, 7, 9, 10, 12, 14, 20, 22, 23, 24, 27, 28, 33, 35, 38, 40, 43, 44, 45, 49, 50, 52, 58, 59, 61, 63, 66, 67, 69, 70, 72, 73, 78, 80, 81, 83, 85, 86, 87, 90, 91, 93, 94, 96, 97, 102, 107, 109, 111, 112, 113, 114, 116, 120, 123, 125, 126, 128, 129, 130, 135, 136, 137, 148, 149, 151, 156, 157, 160, 161, 164, 169, 170, 171, 174, 177, 181, 182, 188, 191, 195, 197, 198, 199]
r: -0.1 info: -1
s: [5, 6, 7, 9, 10, 12, 14, 20, 22, 23, 24, 27, 28, 33, 35, 38, 40, 43, 44, 45, 49, 50, 52, 58, 59, 61, 63, 66, 67, 69, 70, 72, 73, 78, 80, 81, 83, 85, 86, 87, 90, 91, 93, 94, 96, 97, 102, 107, 109, 111, 112, 113, 114, 116, 120, 123, 125, 126, 128, 129, 130, 135, 136, 137, 138, 148, 149, 151, 156, 157, 160, 161, 164, 169, 170, 171, 174, 177, 181, 182, 188, 191, 195, 197, 198, 199]
r: 0.0 info: 1
s: [5, 6, 7, 9, 10, 12, 14, 20, 22, 23, 24, 27, 28, 33, 35, 38, 40, 43, 44, 45, 49, 50, 52, 58, 59, 61, 63, 66, 67, 69, 70, 72, 73, 74, 78, 80, 81, 83, 85, 86, 87, 90, 91, 93, 94, 96, 97, 102, 107, 109, 111, 112, 113, 114, 116, 120, 123, 125, 126, 128, 129, 130, 135, 136, 137, 138, 148, 149, 151, 156, 157, 160, 161, 164, 169, 170, 171, 174, 177, 181, 182, 188, 191, 195, 197, 198, 199]
r: 0.0 info: 1
s: [5, 6, 7, 9, 10, 12, 14, 20, 22, 23, 24, 27, 28, 33, 35, 38, 40, 43, 44, 45, 49, 50, 52, 58, 59, 61, 63, 66, 67, 69, 70, 72, 73, 74, 78, 80, 81, 83, 85, 86, 87, 90, 91, 93, 94, 96, 97, 102, 107, 109, 111, 112, 113, 114, 116, 120, 123, 125, 126, 128, 129, 130, 135, 136, 137, 138, 148, 149, 151, 156, 157, 160, 161, 164, 169, 170, 171, 174, 177, 181, 182, 188, 191, 195, 197, 198, 199]
r: -0.1 info: -1
s: [5, 6, 7, 9, 10, 12, 14, 20, 22, 23, 24, 27, 28, 33, 35, 38, 40, 43, 44, 45, 49, 50, 52, 58, 59, 61, 63, 66, 67, 69, 70, 72, 73, 74, 78, 80, 81, 83, 85, 86, 87, 90, 91, 93, 94, 96, 97, 102, 107, 109, 111, 112, 113, 114, 116, 120, 123, 125, 126, 128, 129, 130, 135, 136, 137, 138, 148, 149, 151, 156, 157, 160, 161, 164, 169, 170, 171, 174, 177, 181, 182, 188, 191, 195, 197, 198, 199]
r: -0.1 info: -1
s: [5, 6, 7, 9, 10, 12, 14, 20, 22, 23, 24, 27, 28, 33, 35, 38, 40, 43, 44, 45, 49, 50, 52, 58, 59, 61, 63, 66, 67, 69, 70, 72, 73, 74, 78, 80, 81, 83, 85, 86, 87, 90, 91, 93, 94, 96, 97, 102, 107, 109, 111, 112, 113, 114, 116, 120, 123, 125, 126, 128, 129, 130, 135, 136, 137, 138, 148, 149, 151, 156, 157, 160, 161, 164, 169, 170, 171, 174, 177, 181, 182, 188, 191, 195, 197, 198, 199]
r: -0.1 info: -1
s: [5, 6, 7, 8, 9, 10, 12, 14, 20, 22, 23, 24, 27, 28, 33, 35, 38, 40, 43, 44, 45, 49, 50, 52, 58, 59, 61, 63, 66, 67, 69, 70, 72, 73, 74, 78, 80, 81, 83, 85, 86, 87, 90, 91, 93, 94, 96, 97, 102, 107, 109, 111, 112, 113, 114, 116, 120, 123, 125, 126, 128, 129, 130, 135, 136, 137, 138, 148, 149, 151, 156, 157, 160, 161, 164, 169, 170, 171, 174, 177, 181, 182, 188, 191, 195, 197, 198, 199]
r: 0.0 info: 1
s: [5, 6, 7, 8, 9, 10, 12, 14, 20, 22, 23, 24, 27, 28, 33, 35, 38, 40, 43, 44, 45, 49, 50, 52, 58, 59, 61, 63, 66, 67, 69, 70, 72, 73, 74, 78, 80, 81, 83, 85, 86, 87, 90, 91, 93, 94, 96, 97, 102, 107, 109, 111, 112, 113, 114, 116, 120, 123, 125, 126, 128, 129, 130, 135, 136, 137, 138, 148, 149, 151, 156, 157, 160, 161, 164, 169, 170, 171, 174, 177, 181, 182, 188, 191, 195, 197, 198, 199]
r: -1.044947188347578 info: 0.018149904441088438
