s: [83]
r: -0.2 info: 1
s: [56, 83]
r: -0.2 info: 1
s: [56, 83, 148]
r: -0.2 info: 1
s: [56, 83, 148, 193]
r: -0.2 info: 1
s: [56, 83, 148, 167, 193]
r: -0.2 info: 1
s: [48, 56, 83, 148, 167, 193]
r: -0.2 info: 1
s: [48, 56, 83, 148, 167, 193, 198]
r: -0.2 info: 1
s: [48, 56, 83, 95, 148, 167, 193, 198]
r: -0.2 info: 1
s: [48, 56, 83, 95, 148, 167, 181, 193, 198]
r: -0.2 info: 1
s: [48, 56, 83, 95, 148, 167, 181, 187, 193, 198]
r: -0.2 info: 1
s: [48, 56, 83, 95, 148, 163, 167, 181, 187, 193, 198]
r: -0.2 info: 1
s: [40, 48, 56, 83, 95, 148, 163, 167, 181, 187, 193, 198]
r: -0.2 info: 1
s: [40, 48, 56, 83, 95, 100, 148, 163, 167, 181, 187, 193, 198]
r: -0.2 info: 1
s: [40, 48, 56, 83, 95, 100, 148, 163, 167, 181, 187, 193, 198]
r: -0.1 info: -1
s: [40, 48, 56, 83, 95, 100, 148, 163, 167, 168, 181, 187, 193, 198]
r: -0.2 info: 1
s: [40, 48, 56, 83, 95, 100, 148, 163, 167, 168, 181, 187, 193, 198]
r: -0.1 info: -1
s: [40, 48, 56, 74, 83, 95, 100, 148, 163, 167, 168, 181, 187, 193, 198]
r: -0.2 info: 1
s: [40, 48, 56, 74, 83, 92, 95, 100, 148, 163, 167, 168, 181, 187, 193, 198]
r: -0.2 info: 1
s: [40, 48, 56, 74, 83, 92, 95, 100, 115, 148, 163, 167, 168, 181, 187, 193, 198]
r: -0.2 info: 1
s: [40, 48, 56, 74, 83, 92, 95, 100, 115, 148, 163, 167, 168, 180, 181, 187, 193, 198]
r: -0.2 info: 1
s: [40, 48, 56, 74, 83, 92, 95, 100, 115, 148, 163, 167, 168, 180, 181, 187, 193, 198]
r: -0.1 info: -1
s: [40, 48, 56, 74, 81, 83, 92, 95, 100, 115, 148, 163, 167, 168, 180, 181, 187, 193, 198]
r: -0.2 info: 1
s: [40, 48, 56, 74, 81, 83, 92, 95, 100, 115, 148, 151, 163, 167, 168, 180, 181, 187, 193, 198]
r: -0.2 info: 1
s: [40, 48, 56, 74, 81, 83, 92, 95, 100, 115, 129, 148, 151, 163, 167, 168, 180, 181, 187, 193, 198]
r: -0.2 info: 1
s: [40, 48, 56, 74, 81, 83, 92, 95, 100, 115, 129, 148, 151, 163, 167, 168, 180, 181, 187, 190, 193, 198]
r: -0.2 info: 1
s: [40, 48, 56, 74, 81, 83, 92, 95, 100, 115, 129, 148, 151, 163, 167, 168, 180, 181, 187, 190, 193, 198]
r: -0.1 info: -1
s: [40, 48, 56, 74, 81, 83, 92, 95, 100, 113, 115, 129, 148, 151, 163, 167, 168, 180, 181, 187, 190, 193, 198]
r: -0.2 info: 1
s: [40, 48, 56, 74, 81, 83, 92, 95, 100, 113, 115, 129, 148, 151, 163, 165, 167, 168, 180, 181, 187, 190, 193, 198]
r: -0.2 info: 1
s: [40, 48, 56, 74, 81, 83, 92, 95, 100, 113, 115, 123, 129, 148, 151, 163, 165, 167, 168, 180, 181, 187, 190, 193, 198]
r: -0.2 info: 1
s: [40, 48, 56, 74, 81, 83, 92, 95, 100, 113, 115, 123, 129, 148, 151, 163, 165, 167, 168, 180, 181, 187, 190, 193, 198]
r: -0.1 info: -1
s: [40, 48, 56, 74, 81, 83, 92, 95, 100, 113, 115, 123, 129, 148, 151, 163, 165, 167, 168, 180, 181, 187, 190, 192, 193, 198]
r: -0.2 info: 1
s: [40, 48, 56, 74, 81, 83, 92, 95, 100, 113, 115, 123, 129, 136, 148, 151, 163, 165, 167, 168, 180, 181, 187, 190, 192, 193, 198]
r: -0.2 info: 1
s: [40, 48, 56, 74, 81, 83, 92, 95, 100, 113, 115, 123, 129, 136, 148, 151, 160, 163, 165, 167, 168, 180, 181, 187, 190, 192, 193, 198]
r: -0.2 info: 1
s: [40, 48, 56, 74, 81, 83, 92, 95, 100, 113, 115, 123, 129, 136, 148, 151, 160, 163, 165, 167, 168, 180, 181, 187, 190, 192, 193, 198]
r: -0.1 info: -1
s: [40, 48, 56, 74, 81, 83, 92, 95, 100, 113, 115, 123, 129, 136, 148, 151, 160, 163, 165, 167, 168, 180, 181, 187, 190, 192, 193, 198]
r: -0.1 info: -1
s: [40, 48, 56, 74, 81, 83, 92, 95, 100, 113, 115, 123, 129, 136, 145, 148, 151, 160, 163, 165, 167, 168, 180, 181, 187, 190, 192, 193, 198]
r: -0.2 info: 1
s: [40, 48, 56, 74, 81, 83, 92, 95, 100, 113, 115, 123, 129, 136, 145, 148, 151, 160, 163, 165, 167, 168, 180, 181, 187, 190, 192, 193, 198, 199]
r: -0.2 info: 1
s: [40, 48, 56, 74, 81, 83, 92, 95, 100, 113, 115, 123, 129, 136, 145, 148, 151, 160, 163, 165, 167, 168, 180, 181, 187, 190, 192, 193, 198, 199]
r: -0.1 info: -1
s: [40, 48, 56, 74, 81, 83, 92, 95, 100, 113, 115, 123, 129, 136, 145, 148, 151, 160, 163, 165, 167, 168, 180, 181, 187, 190, 192, 193, 198, 199]
r: -3.036772832274437 info: 0.03805688628926873
