s: [95]
r: 0.1 info: 1
s: [20, 95]
r: 0.1 info: 1
s: [20, 95, 136]
r: 0.1 info: 1
s: [13, 20, 95, 136]
r: 0.1 info: 1
s: [2, 13, 20, 95, 136]
r: 0.1 info: 1
s: [2, 13, 20, 95, 136, 155]
r: 0.1 info: 1
s: [2, 13, 20, 95, 136, 155, 192]
r: 0.1 info: 1
s: [2, 13, 20, 87, 95, 136, 155, 192]
r: 0.1 info: 1
s: [2, 13, 20, 87, 95, 136, 155, 192]
r: -0.1 info: -1
s: [2, 13, 20, 33, 87, 95, 136, 155, 192]
r: 0.1 info: 1
s: [2, 13, 20, 23, 33, 87, 95, 136, 155, 192]
r: 0.1 info: 1
s: [2, 13, 20, 23, 33, 87, 95, 136, 155, 192]
r: -0.1 info: -1
s: [2, 13, 20, 23, 33, 87, 95, 136, 155, 192]
r: -0.1 info: -1
s: [2, 13, 20, 23, 33, 87, 95, 136, 155, 192]
r: -0.1 info: -1
s: [2, 13, 20, 21, 23, 33, 87, 95, 136, 155, 192]
r: 0.1 info: 1
s: [2, 13, 20, 21, 23, 33, 87, 95, 136, 155, 192]
r: -0.1 info: -1
s: [2, 13, 20, 21, 23, 33, 87, 95, 136, 147, 155, 192]
r: 0.1 info: 1
s: [2, 13, 20, 21, 23, 33, 87, 95, 101, 136, 147, 155, 192]
r: 0.1 info: 1
s: [2, 13, 20, 21, 23, 33, 87, 95, 101, 136, 147, 155, 192]
r: -0.1 info: -1
s: [2, 13, 20, 21, 23, 33, 87, 95, 101, 136, 147, 155, 192]
r: -0.1 info: -1
s: [2, 13, 20, 21, 23, 33, 87, 95, 101, 136, 147, 155, 192]
r: -0.1 info: -1
s: [2, 12, 13, 20, 21, 23, 33, 87, 95, 101, 136, 147, 155, 192]
r: 0.1 info: 1
s: [2, 12, 13, 20, 21, 23, 33, 87, 88, 95, 101, 136, 147, 155, 192]
r: 0.1 info: 1
s: [2, 12, 13, 19, 20, 21, 23, 33, 87, 88, 95, 101, 136, 147, 155, 192]
r: 0.1 info: 1
s: [2, 12, 13, 19, 20, 21, 23, 33, 87, 88, 95, 101, 136, 147, 155, 192]
r: -0.1 info: -1
s: [2, 12, 13, 19, 20, 21, 23, 33, 87, 88, 95, 101, 136, 147, 155, 192]
r: -0.1 info: -1
s: [2, 12, 13, 19, 20, 21, 23, 33, 87, 88, 95, 101, 136, 147, 155, 192]
r: -0.1 info: -1
s: [2, 10, 12, 13, 19, 20, 21, 23, 33, 87, 88, 95, 101, 136, 147, 155, 192]
r: 0.1 info: 1
s: [2, 10, 12, 13, 19, 20, 21, 23, 33, 84, 87, 88, 95, 101, 136, 147, 155, 192]
r: 0.1 info: 1
s: [2, 10, 12, 13, 19, 20, 21, 23, 33, 84, 87, 88, 95, 101, 136, 147, 155, 192]
r: -0.1 info: -1
s: [2, 10, 12, 13, 19, 20, 21, 23, 33, 84, 87, 88, 95, 101, 136, 147, 155, 192]
r: -0.1 info: -1
s: [2, 10, 12, 13, 19, 20, 21, 23, 33, 84, 87, 88, 95, 101, 136, 147, 155, 192]
r: -0.1 info: -1
s: [2, 10, 12, 13, 19, 20, 21, 23, 33, 84, 87, 88, 95, 101, 136, 147, 155, 192]
r: -0.1 info: -1
s: [2, 10, 12, 13, 19, 20, 21, 23, 33, 84, 87, 88, 95, 101, 136, 147, 155, 192]
r: -0.1 info: -1
s: [0, 2, 10, 12, 13, 19, 20, 21, 23, 33, 84, 87, 88, 95, 101, 136, 147, 155, 192]
r: 0.1 info: 1
s: [0, 2, 10, 12, 13, 19, 20, 21, 23, 33, 84, 87, 88, 95, 101, 136, 142, 147, 155, 192]
r: 0.1 info: 1
s: [0, 2, 10, 12, 13, 19, 20, 21, 23, 33, 84, 87, 88, 95, 101, 136, 142, 147, 155, 192]
r: -0.1 info: -1
s: [0, 2, 10, 12, 13, 19, 20, 21, 23, 33, 84, 87, 88, 95, 101, 136, 142, 147, 155, 192]
r: -0.1 info: -1
s: [0, 2, 10, 12, 13, 19, 20, 21, 23, 33, 84, 87, 88, 95, 101, 136, 142, 147, 155, 192]
r: -0.1 info: -1
s: [0, 2, 10, 12, 13, 19, 20, 21, 23, 33, 84, 87, 88, 95, 101, 136, 137, 142, 147, 155, 192]
r: 0.1 info: 1
s: [0, 2, 10, 12, 13, 19, 20, 21, 23, 33, 84, 87, 88, 95, 101, 136, 137, 142, 147, 155, 192]
r: -0.1 info: -1
s: [0, 2, 10, 12, 13, 19, 20, 21, 23, 33, 84, 87, 88, 95, 101, 136, 137, 142, 147, 155, 192]
r: -0.1 info: -1
s: [0, 2, 10, 12, 13, 19, 20, 21, 23, 33, 84, 87, 88, 95, 101, 136, 137, 142, 147, 155, 192]
r: -0.1 info: -1
s: [0, 2, 10, 12, 13, 19, 20, 21, 23, 33, 84, 87, 88, 95, 101, 136, 137, 142, 147, 155, 192]
r: -0.1 info: -1
s: [0, 2, 10, 12, 13, 19, 20, 21, 23, 33, 84, 87, 88, 95, 101, 136, 137, 142, 147, 155, 192]
r: -0.1 info: -1
s: [0, 2, 10, 12, 13, 19, 20, 21, 23, 33, 84, 87, 88, 95, 101, 136, 137, 142, 147, 155, 192]
r: -0.1 info: -1
s: [0, 2, 10, 12, 13, 19, 20, 21, 23, 33, 84, 87, 88, 95, 101, 136, 137, 142, 147, 155, 192]
r: -0.1 info: -1
s: [0, 2, 5, 10, 12, 13, 19, 20, 21, 23, 33, 84, 87, 88, 95, 101, 136, 137, 142, 147, 155, 192]
r: 0.1 info: 1
s: [0, 2, 5, 10, 12, 13, 19, 20, 21, 23, 33, 84, 87, 88, 95, 101, 136, 137, 142, 147, 155, 192]
r: -0.1 info: -1
s: [0, 2, 5, 10, 12, 13, 19, 20, 21, 23, 33, 84, 87, 88, 95, 101, 136, 137, 142, 147, 155, 192]
r: 18.553751187027956 info: 0.42483108764281496
