s: [161]
r: 0.0 info: 1
s: [141, 161]
r: 0.0 info: 1
s: [141, 161, 170]
r: 0.0 info: 1
s: [48, 141, 161, 170]
r: 0.0 info: 1
s: [48, 77, 141, 161, 170]
r: 0.0 info: 1
s: [48, 77, 90, 141, 161, 170]
r: 0.0 info: 1
s: [7, 48, 77, 90, 141, 161, 170]
r: 0.0 info: 1
s: [7, 48, 77, 90, 95, 141, 161, 170]
r: 0.0 info: 1
s: [7, 48, 77, 90, 91, 95, 141, 161, 170]
r: 0.0 info: 1
s: [7, 11, 48, 77, 90, 91, 95, 141, 161, 170]
r: 0.0 info: 1
s: [7, 11, 48, 77, 90, 91, 95, 129, 141, 161, 170]
r: 0.0 info: 1
s: [7, 11, 48, 77, 90, 91, 95, 107, 129, 141, 161, 170]
r: 0.0 info: 1
s: [7, 11, 48, 77, 90, 91, 95, 107, 129, 141, 161, 170]
r: -0.1 info: -1
s: [7, 11, 48, 77, 90, 91, 95, 107, 129, 141, 161, 170, 175]
r: 0.0 info: 1
s: [7, 11, 48, 77, 90, 91, 95, 107, 129, 141, 161, 170, 175]
r: -0.1 info: -1
s: [7, 11, 48, 77, 90, 91, 95, 98, 107, 129, 141, 161, 170, 175]
r: 0.0 info: 1
s: [7, 11, 48, 77, 90, 91, 95, 98, 107, 119, 129, 141, 161, 170, 175]
r: 0.0 info: 1
s: [7, 11, 48, 77, 90, 91, 95, 98, 107, 119, 126, 129, 141, 161, 170, 175]
r: 0.0 info: 1
s: [7, 11, 48, 77, 81, 90, 91, 95, 98, 107, 119, 126, 129, 141, 161, 170, 175]
r: 0.0 info: 1
s: [7, 11, 48, 77, 81, 90, 91, 95, 97, 98, 107, 119, 126, 129, 141, 161, 170, 175]
r: 0.0 info: 1
s: [7, 11, 48, 77, 81, 90, 91, 95, 97, 98, 107, 119, 125, 126, 129, 141, 161, 170, 175]
r: 0.0 info: 1
s: [7, 9, 11, 48, 77, 81, 90, 91, 95, 97, 98, 107, 119, 125, 126, 129, 141, 161, 170, 175]
r: 0.0 info: 1
s: [7, 9, 11, 48, 77, 81, 90, 91, 95, 97, 98, 107, 119, 125, 126, 129, 141, 161, 170, 175]
r: -0.1 info: -1
s: [7, 9, 11, 48, 77, 81, 87, 90, 91, 95, 97, 98, 107, 119, 125, 126, 129, 141, 161, 170, 175]
r: 0.0 info: 1
s: [7, 9, 11, 16, 48, 77, 81, 87, 90, 91, 95, 97, 98, 107, 119, 125, 126, 129, 141, 161, 170, 175]
r: 0.0 info: 1
s: [7, 9, 11, 16, 48, 77, 81, 87, 90, 91, 95, 97, 98, 107, 119, 125, 126, 129, 141, 161, 170, 175, 199]
r: 0.0 info: 1
s: [7, 9, 11, 16, 48, 77, 81, 86, 87, 90, 91, 95, 97, 98, 107, 119, 125, 126, 129, 141, 161, 170, 175, 199]
r: 0.0 info: 1
s: [7, 9, 11, 16, 48, 67, 77, 81, 86, 87, 90, 91, 95, 97, 98, 107, 119, 125, 126, 129, 141, 161, 170, 175, 199]
r: 0.0 info: 1
s: [7, 9, 11, 16, 48, 67, 77, 81, 86, 87, 90, 91, 95, 97, 98, 107, 119, 125, 126, 129, 141, 161, 166, 170, 175, 199]
r: 0.0 info: 1
s: [7, 9, 11, 16, 48, 67, 77, 81, 86, 87, 90, 91, 95, 97, 98, 102, 107, 119, 125, 126, 129, 141, 161, 166, 170, 175, 199]
r: 0.0 info: 1
s: [7, 9, 11, 16, 48, 67, 77, 81, 86, 87, 90, 91, 95, 97, 98, 102, 107, 119, 125, 126, 129, 141, 159, 161, 166, 170, 175, 199]
r: 0.0 info: 1
s: [7, 9, 11, 16, 48, 57, 67, 77, 81, 86, 87, 90, 91, 95, 97, 98, 102, 107, 119, 125, 126, 129, 141, 159, 161, 166, 170, 175, 199]
r: 0.0 info: 1
s: [7, 9, 11, 16, 48, 57, 63, 67, 77, 81, 86, 87, 90, 91, 95, 97, 98, 102, 107, 119, 125, 126, 129, 141, 159, 161, 166, 170, 175, 199]
r: 0.0 info: 1
s: [7, 9, 11, 16, 48, 57, 63, 67, 77, 81, 86, 87, 90, 91, 95, 97, 98, 102, 107, 119, 125, 126, 129, 141, 159, 161, 166, 170, 175, 197, 199]
r: 0.0 info: 1
s: [7, 9, 11, 16, 20, 48, 57, 63, 67, 77, 81, 86, 87, 90, 91, 95, 97, 98, 102, 107, 119, 125, 126, 129, 141, 159, 161, 166, 170, 175, 197, 199]
r: 0.0 info: 1
s: [7, 9, 11, 16, 20, 48, 57, 63, 67, 77, 81, 86, 87, 90, 91, 95, 97, 98, 102, 107, 119, 125, 126, 129, 141, 159, 161, 166, 170, 175, 197, 199]
r: -0.1 info: -1
s: [7, 9, 11, 16, 20, 48, 57, 63, 67, 77, 81, 86, 87, 90, 91, 95, 97, 98, 102, 107, 119, 122, 125, 126, 129, 141, 159, 161, 166, 170, 175, 197, 199]
r: 0.0 info: 1
s: [7, 9, 11, 16, 20, 48, 57, 63, 67, 77, 81, 86, 87, 90, 91, 95, 97, 98, 102, 107, 119, 122, 125, 126, 129, 141, 159, 161, 166, 170, 175, 190, 197, 199]
r: 0.0 info: 1
s: [7, 9, 11, 16, 20, 48, 57, 63, 67, 77, 81, 86, 87, 90, 91, 95, 97, 98, 102, 107, 119, 122, 125, 126, 129, 141, 159, 161, 166, 170, 175, 179, 190, 197, 199]
r: 0.0 info: 1
s: [7, 9, 11, 16, 20, 22, 48, 57, 63, 67, 77, 81, 86, 87, 90, 91, 95, 97, 98, 102, 107, 119, 122, 125, 126, 129, 141, 159, 161, 166, 170, 175, 179, 190, 197, 199]
r: 0.0 info: 1
s: [7, 9, 11, 16, 20, 22, 48, 57, 63, 67, 77, 81, 86, 87, 90, 91, 95, 97, 98, 102, 107, 119, 122, 125, 126, 129, 141, 159, 161, 166, 170, 175, 179, 190, 197, 198, 199]
r: 0.0 info: 1
s: [7, 9, 11, 16, 20, 22, 48, 57, 63, 67, 77, 81, 86, 87, 90, 91, 95, 97, 98, 102, 107, 119, 122, 125, 126, 129, 141, 159, 161, 166, 170, 175, 178, 179, 190, 197, 198, 199]
r: 0.0 info: 1
s: [7, 9, 11, 16, 20, 22, 48, 57, 63, 67, 77, 81, 86, 87, 90, 91, 95, 97, 98, 102, 107, 119, 122, 125, 126, 129, 141, 159, 161, 164, 166, 170, 175, 178, 179, 190, 197, 198, 199]
r: 0.0 info: 1
s: [7, 9, 11, 16, 20, 22, 48, 57, 63, 67, 77, 81, 86, 87, 90, 91, 95, 97, 98, 102, 107, 119, 122, 124, 125, 126, 129, 141, 159, 161, 164, 166, 170, 175, 178, 179, 190, 197, 198, 199]
r: 0.0 info: 1
s: [7, 9, 11, 16, 20, 22, 48, 57, 63, 67, 77, 81, 86, 87, 90, 91, 95, 97, 98, 102, 107, 119, 122, 124, 125, 126, 129, 141, 159, 161, 164, 166, 167, 170, 175, 178, 179, 190, 197, 198, 199]
r: 0.0 info: 1
s: [7, 9, 11, 16, 20, 22, 48, 57, 63, 67, 77, 81, 86, 87, 90, 91, 95, 97, 98, 102, 107, 119, 122, 124, 125, 126, 129, 141, 159, 161, 164, 165, 166, 167, 170, 175, 178, 179, 190, 197, 198, 199]
r: 0.0 info: 1
s: [0, 7, 9, 11, 16, 20, 22, 48, 57, 63, 67, 77, 81, 86, 87, 90, 91, 95, 97, 98, 102, 107, 119, 122, 124, 125, 126, 129, 141, 159, 161, 164, 165, 166, 167, 170, 175, 178, 179, 190, 197, 198, 199]
r: 0.0 info: 1
s: [0, 7, 9, 11, 16, 20, 22, 48, 57, 63, 67, 77, 81, 86, 87, 90, 91, 95, 97, 98, 102, 107, 119, 122, 124, 125, 126, 127, 129, 141, 159, 161, 164, 165, 166, 167, 170, 175, 178, 179, 190, 197, 198, 199]
r: 0.0 info: 1
s: [0, 7, 9, 11, 16, 20, 22, 48, 57, 63, 67, 77, 81, 86, 87, 90, 91, 95, 97, 98, 102, 107, 119, 122, 124, 125, 126, 127, 129, 141, 159, 161, 164, 165, 166, 167, 170, 175, 178, 179, 182, 190, 197, 198, 199]
r: 0.0 info: 1
s: [0, 7, 9, 11, 16, 20, 22, 48, 57, 63, 67, 77, 81, 86, 87, 90, 91, 95, 97, 98, 102, 107, 108, 119, 122, 124, 125, 126, 127, 129, 141, 159, 161, 164, 165, 166, 167, 170, 175, 178, 179, 182, 190, 197, 198, 199]
r: 0.0 info: 1
s: [0, 7, 9, 11, 16, 20, 22, 31, 48, 57, 63, 67, 77, 81, 86, 87, 90, 91, 95, 97, 98, 102, 107, 108, 119, 122, 124, 125, 126, 127, 129, 141, 159, 161, 164, 165, 166, 167, 170, 175, 178, 179, 182, 190, 197, 198, 199]
r: 0.0 info: 1
s: [0, 7, 9, 11, 16, 20, 22, 31, 48, 57, 63, 67, 77, 81, 86, 87, 90, 91, 95, 97, 98, 102, 107, 108, 119, 122, 124, 125, 126, 127, 129, 141, 159, 161, 164, 165, 166, 167, 170, 175, 178, 179, 182, 190, 197, 198, 199]
r: -0.1 info: -1
s: [0, 7, 9, 11, 16, 20, 22, 31, 48, 57, 63, 67, 77, 81, 86, 87, 90, 91, 95, 97, 98, 102, 107, 108, 119, 122, 124, 125, 126, 127, 129, 141, 144, 159, 161, 164, 165, 166, 167, 170, 175, 178, 179, 182, 190, 197, 198, 199]
r: 0.0 info: 1
s: [0, 7, 9, 11, 16, 20, 22, 31, 48, 57, 63, 67, 77, 81, 86, 87, 90, 91, 95, 97, 98, 102, 107, 108, 119, 122, 124, 125, 126, 127, 129, 141, 144, 159, 161, 164, 165, 166, 167, 170, 175, 178, 179, 182, 190, 197, 198, 199]
r: -0.1 info: -1
s: [0, 7, 9, 11, 16, 20, 22, 31, 48, 57, 63, 67, 77, 81, 86, 87, 90, 91, 95, 97, 98, 102, 107, 108, 119, 122, 124, 125, 126, 127, 129, 141, 144, 159, 161, 164, 165, 166, 167, 170, 175, 178, 179, 182, 183, 190, 197, 198, 199]
r: 0.0 info: 1
s: [0, 7, 9, 11, 16, 20, 22, 31, 48, 57, 63, 67, 77, 81, 86, 87, 90, 91, 95, 97, 98, 102, 107, 108, 119, 122, 124, 125, 126, 127, 129, 141, 144, 159, 161, 164, 165, 166, 167, 170, 173, 175, 178, 179, 182, 183, 190, 197, 198, 199]
r: 0.0 info: 1
s: [0, 7, 9, 11, 16, 20, 22, 31, 48, 51, 57, 63, 67, 77, 81, 86, 87, 90, 91, 95, 97, 98, 102, 107, 108, 119, 122, 124, 125, 126, 127, 129, 141, 144, 159, 161, 164, 165, 166, 167, 170, 173, 175, 178, 179, 182, 183, 190, 197, 198, 199]
r: 0.0 info: 1
s: [0, 7, 9, 11, 16, 20, 22, 31, 48, 51, 57, 63, 67, 77, 81, 86, 87, 90, 91, 95, 97, 98, 102, 107, 108, 119, 122, 124, 125, 126, 127, 129, 141, 144, 159, 161, 164, 165, 166, 167, 170, 173, 175, 178, 179, 182, 183, 190, 197, 198, 199]
r: -1.9080961355939507 info: 0.02672450290992856
