s: [1]
r: 0.1 info: 1
s: [1, 147]
r: 0.1 info: 1
s: [1, 5, 147]
r: 0.1 info: 1
s: [1, 5, 95, 147]
r: 0.1 info: 1
s: [1, 5, 15, 95, 147]
r: 0.1 info: 1
s: [1, 5, 15, 95, 147, 192]
r: 0.1 info: 1
s: [0, 1, 5, 15, 95, 147, 192]
r: 0.1 info: 1
s: [0, 1, 5, 15, 95, 147, 192]
r: -0.1 info: -1
s: [0, 1, 5, 15, 21, 95, 147, 192]
r: 0.1 info: 1
s: [0, 1, 5, 15, 21, 95, 147, 192]
r: -0.1 info: -1
s: [0, 1, 5, 9, 15, 21, 95, 147, 192]
r: 0.1 info: 1
s: [0, 1, 5, 9, 12, 15, 21, 95, 147, 192]
r: 0.1 info: 1
s: [0, 1, 5, 9, 12, 15, 20, 21, 95, 147, 192]
r: 0.1 info: 1
s: [0, 1, 5, 9, 12, 15, 20, 21, 95, 136, 147, 192]
r: 0.1 info: 1
s: [0, 1, 5, 9, 12, 15, 20, 21, 95, 136, 141, 147, 192]
r: 0.1 info: 1
s: [0, 1, 5, 9, 12, 15, 20, 21, 33, 95, 136, 141, 147, 192]
r: 0.1 info: 1
s: [0, 1, 5, 9, 12, 15, 20, 21, 33, 95, 136, 141, 147, 192]
r: -0.1 info: -1
s: [0, 1, 5, 9, 12, 15, 20, 21, 33, 95, 136, 141, 147, 192]
r: -0.1 info: -1
s: [0, 1, 5, 9, 12, 15, 20, 21, 33, 95, 136, 141, 147, 192]
r: -0.1 info: -1
s: [0, 1, 5, 9, 12, 15, 20, 21, 33, 84, 95, 136, 141, 147, 192]
r: 0.1 info: 1
s: [0, 1, 5, 9, 12, 15, 20, 21, 33, 84, 95, 136, 141, 147, 192]
r: -0.1 info: -1
s: [0, 1, 5, 9, 12, 15, 20, 21, 33, 84, 95, 136, 141, 147, 192]
r: -0.1 info: -1
s: [0, 1, 5, 9, 12, 15, 20, 21, 33, 84, 95, 136, 138, 141, 147, 192]
r: 0.1 info: 1
s: [0, 1, 5, 9, 12, 15, 17, 20, 21, 33, 84, 95, 136, 138, 141, 147, 192]
r: 0.1 info: 1
s: [0, 1, 5, 9, 12, 15, 17, 20, 21, 33, 84, 95, 136, 138, 141, 147, 192]
r: -0.1 info: -1
s: [0, 1, 5, 9, 12, 15, 17, 20, 21, 33, 84, 95, 136, 138, 141, 147, 192]
r: -0.1 info: -1
s: [0, 1, 5, 9, 12, 15, 17, 20, 21, 33, 84, 95, 136, 138, 141, 147, 192]
r: -0.1 info: -1
s: [0, 1, 5, 9, 12, 15, 17, 20, 21, 33, 84, 95, 136, 138, 141, 147, 192]
r: -0.1 info: -1
s: [0, 1, 5, 9, 12, 15, 17, 20, 21, 33, 84, 95, 136, 138, 141, 147, 192]
r: -0.1 info: -1
s: [0, 1, 5, 9, 12, 15, 17, 20, 21, 33, 84, 95, 136, 138, 141, 147, 192]
r: -0.1 info: -1
s: [0, 1, 5, 9, 12, 15, 17, 20, 21, 33, 84, 95, 136, 138, 141, 147, 192]
r: -0.1 info: -1
s: [0, 1, 5, 9, 12, 15, 17, 20, 21, 33, 84, 95, 136, 138, 141, 147, 192]
r: -0.1 info: -1
s: [0, 1, 5, 9, 12, 15, 17, 20, 21, 33, 84, 95, 136, 138, 141, 147, 192]
r: -0.1 info: -1
s: [0, 1, 5, 9, 12, 15, 17, 20, 21, 33, 84, 95, 136, 138, 141, 147, 192]
r: -0.1 info: -1
s: [0, 1, 5, 9, 12, 15, 17, 20, 21, 33, 84, 95, 136, 138, 141, 147, 192]
r: -0.1 info: -1
s: [0, 1, 5, 9, 12, 15, 17, 20, 21, 33, 84, 95, 136, 138, 141, 147, 192]
r: -0.1 info: -1
s: [0, 1, 5, 9, 12, 15, 17, 20, 21, 33, 84, 95, 136, 138, 141, 147, 192]
r: -0.1 info: -1
s: [0, 1, 5, 9, 12, 15, 17, 20, 21, 33, 84, 93, 95, 136, 138, 141, 147, 192]
r: 0.1 info: 1
s: [0, 1, 5, 9, 12, 15, 17, 20, 21, 33, 84, 93, 95, 136, 138, 141, 147, 192]
r: -0.1 info: -1
s: [0, 1, 5, 9, 12, 15, 17, 20, 21, 33, 84, 93, 95, 136, 138, 141, 147, 192]
r: -0.1 info: -1
s: [0, 1, 5, 9, 12, 15, 17, 20, 21, 33, 84, 93, 95, 136, 138, 141, 147, 192]
r: -0.1 info: -1
s: [0, 1, 5, 9, 12, 15, 17, 20, 21, 33, 84, 93, 95, 136, 138, 141, 147, 192]
r: -0.1 info: -1
s: [0, 1, 5, 9, 12, 15, 17, 20, 21, 33, 84, 93, 95, 136, 138, 141, 147, 192]
r: -0.1 info: -1
s: [0, 1, 5, 9, 12, 15, 17, 20, 21, 33, 84, 93, 95, 136, 138, 141, 147, 192]
r: -0.1 info: -1
s: [0, 1, 5, 9, 12, 15, 17, 20, 21, 33, 84, 93, 95, 136, 138, 141, 147, 192]
r: 21.655494951573928 info: 0.3938156141084619
