s: [145]
r: 0.0 info: 1
s: [145, 193]
r: 0.0 info: 1
s: [145, 179, 193]
r: 0.0 info: 1
s: [145, 176, 179, 193]
r: 0.0 info: 1
s: [141, 145, 176, 179, 193]
r: 0.0 info: 1
s: [106, 141, 145, 176, 179, 193]
r: 0.0 info: 1
s: [106, 132, 141, 145, 176, 179, 193]
r: 0.0 info: 1
s: [102, 106, 132, 141, 145, 176, 179, 193]
r: 0.0 info: 1
s: [11, 102, 106, 132, 141, 145, 176, 179, 193]
r: 0.0 info: 1
s: [11, 102, 106, 132, 141, 145, 176, 179, 180, 193]
r: 0.0 info: 1
s: [11, 102, 106, 132, 140, 141, 145, 176, 179, 180, 193]
r: 0.0 info: 1
s: [11, 102, 106, 132, 140, 141, 145, 176, 179, 180, 188, 193]
r: 0.0 info: 1
s: [11, 102, 106, 117, 132, 140, 141, 145, 176, 179, 180, 188, 193]
r: 0.0 info: 1
s: [11, 102, 106, 117, 132, 140, 141, 145, 176, 179, 180, 188, 193, 194]
r: 0.0 info: 1
s: [11, 102, 106, 117, 124, 132, 140, 141, 145, 176, 179, 180, 188, 193, 194]
r: 0.0 info: 1
s: [11, 102, 106, 108, 117, 124, 132, 140, 141, 145, 176, 179, 180, 188, 193, 194]
r: 0.0 info: 1
s: [11, 44, 102, 106, 108, 117, 124, 132, 140, 141, 145, 176, 179, 180, 188, 193, 194]
r: 0.0 info: 1
s: [11, 44, 102, 106, 108, 113, 117, 124, 132, 140, 141, 145, 176, 179, 180, 188, 193, 194]
r: 0.0 info: 1
s: [11, 44, 102, 106, 108, 113, 117, 124, 132, 140, 141, 145, 156, 176, 179, 180, 188, 193, 194]
r: 0.0 info: 1
s: [11, 44, 102, 106, 108, 113, 117, 124, 132, 140, 141, 145, 156, 176, 179, 180, 188, 193, 194]
r: -0.1 info: -1
s: [11, 44, 102, 106, 108, 113, 117, 124, 132, 137, 140, 141, 145, 156, 176, 179, 180, 188, 193, 194]
r: 0.0 info: 1
s: [11, 44, 102, 106, 108, 113, 117, 124, 132, 137, 140, 141, 145, 156, 176, 179, 180, 188, 193, 194]
r: -0.1 info: -1
s: [11, 44, 102, 106, 108, 113, 117, 124, 132, 137, 140, 141, 145, 156, 170, 176, 179, 180, 188, 193, 194]
r: 0.0 info: 1
s: [11, 44, 102, 106, 108, 113, 117, 124, 129, 132, 137, 140, 141, 145, 156, 170, 176, 179, 180, 188, 193, 194]
r: 0.0 info: 1
s: [11, 44, 102, 106, 108, 111, 113, 117, 124, 129, 132, 137, 140, 141, 145, 156, 170, 176, 179, 180, 188, 193, 194]
r: 0.0 info: 1
s: [11, 44, 102, 106, 108, 111, 113, 117, 124, 129, 132, 137, 140, 141, 145, 156, 170, 176, 179, 180, 188, 193, 194]
r: -0.1 info: -1
s: [11, 44, 46, 102, 106, 108, 111, 113, 117, 124, 129, 132, 137, 140, 141, 145, 156, 170, 176, 179, 180, 188, 193, 194]
r: 0.0 info: 1
s: [0, 11, 44, 46, 102, 106, 108, 111, 113, 117, 124, 129, 132, 137, 140, 141, 145, 156, 170, 176, 179, 180, 188, 193, 194]
r: 0.0 info: 1
s: [0, 11, 44, 46, 102, 106, 108, 111, 113, 117, 124, 129, 132, 137, 140, 141, 145, 156, 163, 170, 176, 179, 180, 188, 193, 194]
r: 0.0 info: 1
s: [0, 11, 44, 46, 56, 102, 106, 108, 111, 113, 117, 124, 129, 132, 137, 140, 141, 145, 156, 163, 170, 176, 179, 180, 188, 193, 194]
r: 0.0 info: 1
s: [0, 11, 44, 46, 56, 95, 102, 106, 108, 111, 113, 117, 124, 129, 132, 137, 140, 141, 145, 156, 163, 170, 176, 179, 180, 188, 193, 194]
r: 0.0 info: 1
s: [0, 11, 44, 46, 56, 95, 102, 106, 108, 111, 113, 117, 124, 129, 132, 137, 140, 141, 145, 156, 163, 170, 176, 177, 179, 180, 188, 193, 194]
r: 0.0 info: 1
s: [0, 11, 44, 46, 56, 95, 102, 106, 108, 111, 113, 117, 124, 129, 132, 137, 140, 141, 145, 156, 163, 170, 176, 177, 179, 180, 188, 193, 194]
r: -0.1 info: -1
s: [0, 11, 44, 46, 56, 61, 95, 102, 106, 108, 111, 113, 117, 124, 129, 132, 137, 140, 141, 145, 156, 163, 170, 176, 177, 179, 180, 188, 193, 194]
r: 0.0 info: 1
s: [0, 11, 44, 46, 56, 61, 95, 102, 106, 108, 111, 113, 117, 124, 129, 132, 137, 140, 141, 145, 156, 163, 170, 176, 177, 179, 180, 181, 188, 193, 194]
r: 0.0 info: 1
s: [0, 11, 44, 46, 56, 61, 95, 102, 106, 108, 111, 113, 117, 124, 128, 129, 132, 137, 140, 141, 145, 156, 163, 170, 176, 177, 179, 180, 181, 188, 193, 194]
r: 0.0 info: 1
s: [0, 11, 44, 46, 56, 61, 95, 102, 106, 108, 111, 113, 117, 124, 128, 129, 132, 136, 137, 140, 141, 145, 156, 163, 170, 176, 177, 179, 180, 181, 188, 193, 194]
r: 0.0 info: 1
s: [0, 11, 44, 46, 56, 61, 95, 102, 106, 108, 111, 113, 117, 124, 128, 129, 132, 136, 137, 140, 141, 145, 156, 163, 164, 170, 176, 177, 179, 180, 181, 188, 193, 194]
r: 0.0 info: 1
s: [0, 6, 11, 44, 46, 56, 61, 95, 102, 106, 108, 111, 113, 117, 124, 128, 129, 132, 136, 137, 140, 141, 145, 156, 163, 164, 170, 176, 177, 179, 180, 181, 188, 193, 194]
r: 0.0 info: 1
s: [0, 6, 11, 44, 46, 56, 61, 95, 102, 106, 108, 111, 113, 117, 124, 128, 129, 132, 136, 137, 140, 141, 145, 156, 163, 164, 170, 176, 177, 179, 180, 181, 188, 193, 194]
r: -0.1 info: -1
s: [0, 6, 11, 24, 44, 46, 56, 61, 95, 102, 106, 108, 111, 113, 117, 124, 128, 129, 132, 136, 137, 140, 141, 145, 156, 163, 164, 170, 176, 177, 179, 180, 181, 188, 193, 194]
r: 0.0 info: 1
s: [0, 6, 11, 24, 44, 46, 56, 61, 87, 95, 102, 106, 108, 111, 113, 117, 124, 128, 129, 132, 136, 137, 140, 141, 145, 156, 163, 164, 170, 176, 177, 179, 180, 181, 188, 193, 194]
r: 0.0 info: 1
s: [0, 6, 11, 24, 44, 46, 56, 61, 87, 95, 102, 106, 108, 111, 113, 117, 124, 128, 129, 132, 136, 137, 140, 141, 145, 156, 163, 164, 170, 176, 177, 179, 180, 181, 188, 193, 194]
r: -0.1 info: -1
s: [0, 6, 11, 24, 44, 46, 56, 61, 87, 95, 102, 105, 106, 108, 111, 113, 117, 124, 128, 129, 132, 136, 137, 140, 141, 145, 156, 163, 164, 170, 176, 177, 179, 180, 181, 188, 193, 194]
r: 0.0 info: 1
s: [0, 6, 11, 24, 44, 46, 56, 61, 87, 95, 102, 105, 106, 108, 111, 113, 117, 124, 128, 129, 132, 136, 137, 140, 141, 145, 156, 158, 163, 164, 170, 176, 177, 179, 180, 181, 188, 193, 194]
r: 0.0 info: 1
s: [0, 6, 11, 24, 44, 46, 56, 61, 87, 95, 102, 105, 106, 108, 111, 113, 117, 124, 128, 129, 132, 136, 137, 140, 141, 145, 156, 158, 162, 163, 164, 170, 176, 177, 179, 180, 181, 188, 193, 194]
r: 0.0 info: 1
s: [0, 6, 11, 24, 38, 44, 46, 56, 61, 87, 95, 102, 105, 106, 108, 111, 113, 117, 124, 128, 129, 132, 136, 137, 140, 141, 145, 156, 158, 162, 163, 164, 170, 176, 177, 179, 180, 181, 188, 193, 194]
r: 0.0 info: 1
s: [0, 6, 11, 24, 38, 44, 46, 56, 61, 87, 89, 95, 102, 105, 106, 108, 111, 113, 117, 124, 128, 129, 132, 136, 137, 140, 141, 145, 156, 158, 162, 163, 164, 170, 176, 177, 179, 180, 181, 188, 193, 194]
r: 0.0 info: 1
s: [0, 6, 11, 24, 38, 44, 46, 56, 61, 87, 89, 95, 102, 105, 106, 108, 111, 113, 117, 124, 128, 129, 132, 136, 137, 140, 141, 145, 156, 158, 162, 163, 164, 170, 176, 177, 179, 180, 181, 188, 193, 194]
r: -0.1 info: -1
s: [0, 6, 11, 24, 38, 44, 46, 56, 61, 87, 89, 95, 102, 105, 106, 108, 111, 113, 117, 124, 128, 129, 132, 136, 137, 140, 141, 145, 156, 158, 162, 163, 164, 170, 176, 177, 179, 180, 181, 188, 193, 194]
r: -0.1 info: -1
s: [0, 6, 11, 24, 38, 44, 46, 56, 61, 62, 87, 89, 95, 102, 105, 106, 108, 111, 113, 117, 124, 128, 129, 132, 136, 137, 140, 141, 145, 156, 158, 162, 163, 164, 170, 176, 177, 179, 180, 181, 188, 193, 194]
r: 0.0 info: 1
s: [0, 6, 11, 24, 38, 44, 46, 56, 61, 62, 87, 89, 95, 102, 105, 106, 108, 111, 113, 117, 124, 128, 129, 132, 136, 137, 140, 141, 145, 156, 158, 162, 163, 164, 170, 176, 177, 179, 180, 181, 188, 193, 194]
r: -0.1 info: -1
s: [0, 6, 11, 24, 38, 44, 46, 47, 56, 61, 62, 87, 89, 95, 102, 105, 106, 108, 111, 113, 117, 124, 128, 129, 132, 136, 137, 140, 141, 145, 156, 158, 162, 163, 164, 170, 176, 177, 179, 180, 181, 188, 193, 194]
r: 0.0 info: 1
s: [0, 6, 11, 24, 38, 44, 46, 47, 56, 61, 62, 87, 89, 95, 102, 105, 106, 108, 111, 113, 117, 124, 128, 129, 132, 136, 137, 140, 141, 145, 156, 158, 162, 163, 164, 170, 176, 177, 179, 180, 181, 188, 193, 194]
r: -0.1 info: -1
s: [0, 6, 11, 24, 38, 44, 46, 47, 56, 61, 62, 87, 89, 95, 102, 105, 106, 108, 111, 113, 117, 124, 128, 129, 132, 136, 137, 140, 141, 145, 146, 156, 158, 162, 163, 164, 170, 176, 177, 179, 180, 181, 188, 193, 194]
r: 0.0 info: 1
s: [0, 6, 11, 24, 38, 44, 46, 47, 56, 61, 62, 87, 89, 95, 102, 105, 106, 108, 111, 113, 117, 124, 128, 129, 132, 136, 137, 140, 141, 145, 146, 156, 158, 162, 163, 164, 170, 176, 177, 179, 180, 181, 188, 193, 194]
r: -0.1 info: -1
s: [0, 6, 11, 24, 38, 43, 44, 46, 47, 56, 61, 62, 87, 89, 95, 102, 105, 106, 108, 111, 113, 117, 124, 128, 129, 132, 136, 137, 140, 141, 145, 146, 156, 158, 162, 163, 164, 170, 176, 177, 179, 180, 181, 188, 193, 194]
r: 0.0 info: 1
s: [0, 6, 11, 24, 38, 43, 44, 46, 47, 56, 61, 62, 87, 89, 95, 102, 105, 106, 108, 111, 113, 117, 124, 128, 129, 132, 136, 137, 140, 141, 145, 146, 152, 156, 158, 162, 163, 164, 170, 176, 177, 179, 180, 181, 188, 193, 194]
r: 0.0 info: 1
s: [0, 6, 11, 24, 38, 43, 44, 46, 47, 56, 61, 62, 87, 89, 90, 95, 102, 105, 106, 108, 111, 113, 117, 124, 128, 129, 132, 136, 137, 140, 141, 145, 146, 152, 156, 158, 162, 163, 164, 170, 176, 177, 179, 180, 181, 188, 193, 194]
r: 0.0 info: 1
s: [0, 6, 11, 24, 38, 43, 44, 46, 47, 56, 61, 62, 87, 89, 90, 95, 102, 105, 106, 108, 111, 113, 117, 124, 128, 129, 132, 136, 137, 140, 141, 145, 146, 152, 156, 158, 162, 163, 164, 170, 176, 177, 179, 180, 181, 188, 193, 194]
r: -0.1 info: -1
s: [0, 6, 11, 24, 38, 43, 44, 46, 47, 56, 61, 62, 87, 89, 90, 95, 102, 105, 106, 108, 111, 113, 117, 124, 128, 129, 132, 136, 137, 140, 141, 145, 146, 152, 156, 158, 162, 163, 164, 170, 176, 177, 179, 180, 181, 188, 193, 194]
r: -0.1 info: -1
s: [0, 6, 11, 24, 38, 43, 44, 46, 47, 56, 61, 62, 87, 89, 90, 95, 102, 105, 106, 108, 111, 113, 117, 124, 128, 129, 132, 136, 137, 140, 141, 145, 146, 152, 155, 156, 158, 162, 163, 164, 170, 176, 177, 179, 180, 181, 188, 193, 194]
r: 0.0 info: 1
s: [0, 6, 11, 24, 38, 43, 44, 46, 47, 56, 61, 62, 87, 89, 90, 95, 102, 105, 106, 108, 111, 113, 117, 124, 128, 129, 132, 136, 137, 140, 141, 145, 146, 152, 155, 156, 158, 162, 163, 164, 170, 176, 177, 179, 180, 181, 188, 193, 194]
r: -0.1 info: -1
s: [0, 6, 11, 24, 38, 43, 44, 46, 47, 56, 61, 62, 87, 89, 90, 95, 102, 105, 106, 108, 111, 113, 117, 124, 128, 129, 132, 136, 137, 140, 141, 145, 146, 152, 155, 156, 158, 162, 163, 164, 170, 176, 177, 179, 180, 181, 188, 193, 194]
r: -0.1 info: -1
s: [0, 6, 11, 24, 38, 43, 44, 46, 47, 56, 61, 62, 87, 89, 90, 95, 102, 105, 106, 108, 111, 113, 117, 124, 128, 129, 132, 136, 137, 140, 141, 145, 146, 152, 155, 156, 158, 162, 163, 164, 170, 176, 177, 179, 180, 181, 188, 193, 194]
r: -0.1 info: -1
s: [0, 6, 11, 24, 38, 43, 44, 46, 47, 56, 61, 62, 87, 89, 90, 95, 102, 105, 106, 108, 111, 113, 117, 124, 128, 129, 132, 136, 137, 140, 141, 145, 146, 152, 155, 156, 158, 162, 163, 164, 170, 176, 177, 179, 180, 181, 187, 188, 193, 194]
r: 0.0 info: 1
s: [0, 6, 11, 24, 38, 43, 44, 46, 47, 56, 61, 62, 87, 89, 90, 95, 102, 104, 105, 106, 108, 111, 113, 117, 124, 128, 129, 132, 136, 137, 140, 141, 145, 146, 152, 155, 156, 158, 162, 163, 164, 170, 176, 177, 179, 180, 181, 187, 188, 193, 194]
r: 0.0 info: 1
s: [0, 6, 11, 24, 38, 43, 44, 46, 47, 56, 61, 62, 87, 89, 90, 95, 102, 104, 105, 106, 108, 111, 113, 117, 124, 128, 129, 132, 136, 137, 140, 141, 145, 146, 152, 155, 156, 158, 159, 162, 163, 164, 170, 176, 177, 179, 180, 181, 187, 188, 193, 194]
r: 0.0 info: 1
s: [0, 6, 11, 24, 38, 43, 44, 46, 47, 56, 61, 62, 87, 89, 90, 95, 102, 104, 105, 106, 108, 111, 113, 117, 124, 128, 129, 132, 136, 137, 140, 141, 145, 146, 152, 155, 156, 158, 159, 162, 163, 164, 170, 176, 177, 179, 180, 181, 187, 188, 193, 194, 195]
r: 0.0 info: 1
s: [0, 6, 11, 24, 38, 43, 44, 46, 47, 56, 61, 62, 87, 89, 90, 95, 102, 104, 105, 106, 108, 111, 113, 117, 124, 128, 129, 132, 136, 137, 140, 141, 145, 146, 152, 155, 156, 158, 159, 162, 163, 164, 170, 176, 177, 179, 180, 181, 187, 188, 193, 194, 195]
r: -0.1 info: -1
s: [0, 6, 11, 24, 38, 43, 44, 46, 47, 56, 61, 62, 87, 89, 90, 95, 102, 104, 105, 106, 108, 111, 113, 117, 124, 128, 129, 132, 136, 137, 140, 141, 145, 146, 151, 152, 155, 156, 158, 159, 162, 163, 164, 170, 176, 177, 179, 180, 181, 187, 188, 193, 194, 195]
r: 0.0 info: 1
s: [0, 6, 11, 24, 38, 43, 44, 46, 47, 56, 61, 62, 87, 89, 90, 95, 102, 104, 105, 106, 108, 111, 113, 117, 124, 128, 129, 132, 136, 137, 140, 141, 145, 146, 151, 152, 155, 156, 158, 159, 162, 163, 164, 170, 176, 177, 179, 180, 181, 187, 188, 193, 194, 195]
r: -0.1 info: -1
s: [0, 6, 8, 11, 24, 38, 43, 44, 46, 47, 56, 61, 62, 87, 89, 90, 95, 102, 104, 105, 106, 108, 111, 113, 117, 124, 128, 129, 132, 136, 137, 140, 141, 145, 146, 151, 152, 155, 156, 158, 159, 162, 163, 164, 170, 176, 177, 179, 180, 181, 187, 188, 193, 194, 195]
r: 0.0 info: 1
s: [0, 6, 8, 11, 24, 38, 43, 44, 46, 47, 56, 61, 62, 87, 89, 90, 95, 102, 104, 105, 106, 108, 111, 113, 117, 124, 128, 129, 132, 136, 137, 140, 141, 145, 146, 151, 152, 155, 156, 158, 159, 162, 163, 164, 170, 176, 177, 179, 180, 181, 187, 188, 193, 194, 195]
r: -1.594715192914009 info: 0.023613060358911753
