s: [38]
r: 0.1 info: 1
s: [38, 114]
r: 0.1 info: 1
s: [38, 50, 114]
r: 0.1 info: 1
s: [38, 50, 114, 167]
r: 0.1 info: 1
s: [24, 38, 50, 114, 167]
r: 0.1 info: 1
s: [24, 38, 50, 67, 114, 167]
r: 0.1 info: 1
s: [24, 38, 50, 67, 104, 114, 167]
r: 0.1 info: 1
s: [24, 38, 50, 58, 67, 104, 114, 167]
r: 0.1 info: 1
s: [24, 38, 50, 58, 67, 87, 104, 114, 167]
r: 0.1 info: 1
s: [24, 38, 50, 58, 67, 87, 104, 114, 167]
r: -0.1 info: -1
s: [24, 38, 50, 58, 67, 87, 104, 109, 114, 167]
r: 0.1 info: 1
s: [24, 38, 50, 58, 67, 87, 104, 109, 114, 163, 167]
r: 0.1 info: 1
s: [24, 38, 50, 58, 67, 87, 104, 109, 114, 129, 163, 167]
r: 0.1 info: 1
s: [24, 38, 50, 58, 67, 87, 104, 109, 114, 129, 163, 167]
r: -0.1 info: -1
s: [24, 38, 45, 50, 58, 67, 87, 104, 109, 114, 129, 163, 167]
r: 0.1 info: 1
s: [4, 24, 38, 45, 50, 58, 67, 87, 104, 109, 114, 129, 163, 167]
r: 0.1 info: 1
s: [4, 24, 38, 45, 50, 58, 67, 87, 104, 109, 114, 129, 163, 167, 176]
r: 0.1 info: 1
s: [4, 24, 38, 45, 50, 58, 67, 69, 87, 104, 109, 114, 129, 163, 167, 176]
r: 0.1 info: 1
s: [4, 24, 38, 45, 50, 58, 67, 69, 71, 87, 104, 109, 114, 129, 163, 167, 176]
r: 0.1 info: 1
s: [4, 24, 32, 38, 45, 50, 58, 67, 69, 71, 87, 104, 109, 114, 129, 163, 167, 176]
r: 0.1 info: 1
s: [4, 24, 32, 38, 45, 50, 58, 67, 69, 71, 87, 104, 109, 114, 129, 145, 163, 167, 176]
r: 0.1 info: 1
s: [4, 22, 24, 32, 38, 45, 50, 58, 67, 69, 71, 87, 104, 109, 114, 129, 145, 163, 167, 176]
r: 0.1 info: 1
s: [4, 22, 24, 32, 38, 45, 50, 58, 67, 69, 71, 87, 104, 109, 114, 129, 145, 163, 167, 173, 176]
r: 0.1 info: 1
s: [4, 22, 24, 32, 38, 45, 50, 58, 67, 69, 71, 87, 104, 109, 114, 121, 129, 145, 163, 167, 173, 176]
r: 0.1 info: 1
s: [4, 22, 24, 32, 38, 45, 50, 58, 67, 69, 71, 87, 104, 109, 114, 121, 129, 145, 146, 163, 167, 173, 176]
r: 0.1 info: 1
s: [4, 22, 24, 32, 37, 38, 45, 50, 58, 67, 69, 71, 87, 104, 109, 114, 121, 129, 145, 146, 163, 167, 173, 176]
r: 0.1 info: 1
s: [4, 22, 24, 32, 37, 38, 45, 50, 58, 67, 69, 71, 75, 87, 104, 109, 114, 121, 129, 145, 146, 163, 167, 173, 176]
r: 0.1 info: 1
s: [4, 12, 22, 24, 32, 37, 38, 45, 50, 58, 67, 69, 71, 75, 87, 104, 109, 114, 121, 129, 145, 146, 163, 167, 173, 176]
r: 0.1 info: 1
s: [4, 12, 15, 22, 24, 32, 37, 38, 45, 50, 58, 67, 69, 71, 75, 87, 104, 109, 114, 121, 129, 145, 146, 163, 167, 173, 176]
r: 0.1 info: 1
s: [4, 12, 15, 22, 24, 32, 37, 38, 45, 50, 58, 67, 69, 71, 75, 87, 104, 109, 111, 114, 121, 129, 145, 146, 163, 167, 173, 176]
r: 0.1 info: 1
s: [4, 12, 15, 22, 24, 32, 35, 37, 38, 45, 50, 58, 67, 69, 71, 75, 87, 104, 109, 111, 114, 121, 129, 145, 146, 163, 167, 173, 176]
r: 0.1 info: 1
s: [4, 12, 15, 22, 24, 32, 35, 37, 38, 45, 50, 58, 67, 69, 71, 75, 87, 104, 109, 111, 114, 116, 121, 129, 145, 146, 163, 167, 173, 176]
r: 0.1 info: 1
s: [4, 10, 12, 15, 22, 24, 32, 35, 37, 38, 45, 50, 58, 67, 69, 71, 75, 87, 104, 109, 111, 114, 116, 121, 129, 145, 146, 163, 167, 173, 176]
r: 0.1 info: 1
s: [4, 10, 12, 15, 22, 24, 32, 35, 37, 38, 45, 50, 58, 67, 69, 71, 75, 87, 104, 109, 111, 114, 116, 121, 129, 145, 146, 163, 167, 173, 176]
r: -0.1 info: -1
s: [4, 10, 12, 15, 22, 24, 32, 35, 37, 38, 45, 50, 58, 67, 69, 71, 75, 87, 104, 109, 111, 114, 116, 121, 129, 145, 146, 163, 167, 173, 176]
r: -0.1 info: -1
s: [4, 10, 12, 15, 22, 24, 32, 33, 35, 37, 38, 45, 50, 58, 67, 69, 71, 75, 87, 104, 109, 111, 114, 116, 121, 129, 145, 146, 163, 167, 173, 176]
r: 0.1 info: 1
s: [4, 10, 12, 15, 22, 24, 32, 33, 35, 37, 38, 45, 50, 58, 67, 69, 71, 75, 87, 104, 109, 111, 114, 116, 121, 129, 145, 146, 152, 163, 167, 173, 176]
r: 0.1 info: 1
s: [4, 10, 12, 15, 22, 24, 32, 33, 35, 37, 38, 45, 50, 58, 67, 69, 71, 75, 87, 104, 109, 111, 114, 116, 121, 129, 145, 146, 151, 152, 163, 167, 173, 176]
r: 0.1 info: 1
s: [4, 10, 12, 15, 22, 24, 25, 32, 33, 35, 37, 38, 45, 50, 58, 67, 69, 71, 75, 87, 104, 109, 111, 114, 116, 121, 129, 145, 146, 151, 152, 163, 167, 173, 176]
r: 0.1 info: 1
s: [4, 10, 12, 15, 22, 24, 25, 32, 33, 35, 37, 38, 45, 50, 58, 67, 69, 71, 75, 87, 96, 104, 109, 111, 114, 116, 121, 129, 145, 146, 151, 152, 163, 167, 173, 176]
r: 0.1 info: 1
s: [4, 10, 12, 15, 22, 24, 25, 32, 33, 35, 37, 38, 45, 50, 58, 59, 67, 69, 71, 75, 87, 96, 104, 109, 111, 114, 116, 121, 129, 145, 146, 151, 152, 163, 167, 173, 176]
r: 0.1 info: 1
s: [4, 10, 12, 15, 22, 24, 25, 32, 33, 35, 37, 38, 45, 50, 58, 59, 67, 69, 71, 72, 75, 87, 96, 104, 109, 111, 114, 116, 121, 129, 145, 146, 151, 152, 163, 167, 173, 176]
r: 0.1 info: 1
s: [4, 10, 12, 15, 22, 24, 25, 31, 32, 33, 35, 37, 38, 45, 50, 58, 59, 67, 69, 71, 72, 75, 87, 96, 104, 109, 111, 114, 116, 121, 129, 145, 146, 151, 152, 163, 167, 173, 176]
r: 0.1 info: 1
s: [4, 10, 12, 15, 22, 24, 25, 31, 32, 33, 35, 37, 38, 45, 50, 58, 59, 67, 69, 71, 72, 75, 87, 96, 97, 104, 109, 111, 114, 116, 121, 129, 145, 146, 151, 152, 163, 167, 173, 176]
r: 0.1 info: 1
s: [4, 10, 12, 15, 22, 23, 24, 25, 31, 32, 33, 35, 37, 38, 45, 50, 58, 59, 67, 69, 71, 72, 75, 87, 96, 97, 104, 109, 111, 114, 116, 121, 129, 145, 146, 151, 152, 163, 167, 173, 176]
r: 0.1 info: 1
s: [4, 10, 12, 15, 19, 22, 23, 24, 25, 31, 32, 33, 35, 37, 38, 45, 50, 58, 59, 67, 69, 71, 72, 75, 87, 96, 97, 104, 109, 111, 114, 116, 121, 129, 145, 146, 151, 152, 163, 167, 173, 176]
r: 0.1 info: 1
s: [4, 10, 12, 15, 19, 22, 23, 24, 25, 31, 32, 33, 35, 37, 38, 45, 50, 58, 59, 67, 69, 71, 72, 75, 87, 96, 97, 104, 109, 111, 114, 116, 121, 129, 145, 146, 151, 152, 163, 167, 173, 176]
r: -0.1 info: -1
s: [4, 10, 12, 15, 19, 22, 23, 24, 25, 31, 32, 33, 35, 37, 38, 45, 50, 58, 59, 67, 69, 71, 72, 75, 87, 96, 97, 104, 109, 111, 114, 116, 121, 129, 145, 146, 151, 152, 163, 167, 173, 176]
r: -0.1 info: -1
s: [4, 10, 12, 15, 19, 22, 23, 24, 25, 31, 32, 33, 35, 37, 38, 45, 50, 58, 59, 67, 69, 71, 72, 75, 87, 96, 97, 104, 109, 111, 114, 116, 121, 129, 145, 146, 151, 152, 163, 167, 173, 176, 194]
r: 0.1 info: 1
s: [4, 10, 12, 15, 19, 22, 23, 24, 25, 31, 32, 33, 35, 37, 38, 45, 50, 58, 59, 67, 69, 71, 72, 75, 87, 96, 97, 102, 104, 109, 111, 114, 116, 121, 129, 145, 146, 151, 152, 163, 167, 173, 176, 194]
r: 0.1 info: 1
s: [4, 10, 12, 15, 19, 22, 23, 24, 25, 31, 32, 33, 35, 37, 38, 45, 50, 58, 59, 67, 69, 71, 72, 75, 83, 87, 96, 97, 102, 104, 109, 111, 114, 116, 121, 129, 145, 146, 151, 152, 163, 167, 173, 176, 194]
r: 0.1 info: 1
s: [4, 10, 12, 15, 19, 22, 23, 24, 25, 31, 32, 33, 35, 37, 38, 45, 50, 58, 59, 67, 69, 71, 72, 73, 75, 83, 87, 96, 97, 102, 104, 109, 111, 114, 116, 121, 129, 145, 146, 151, 152, 163, 167, 173, 176, 194]
r: 0.1 info: 1
s: [4, 10, 12, 15, 19, 20, 22, 23, 24, 25, 31, 32, 33, 35, 37, 38, 45, 50, 58, 59, 67, 69, 71, 72, 73, 75, 83, 87, 96, 97, 102, 104, 109, 111, 114, 116, 121, 129, 145, 146, 151, 152, 163, 167, 173, 176, 194]
r: 0.1 info: 1
s: [4, 10, 12, 15, 19, 20, 22, 23, 24, 25, 31, 32, 33, 35, 37, 38, 45, 50, 58, 59, 67, 69, 71, 72, 73, 75, 83, 87, 96, 97, 102, 104, 109, 111, 114, 116, 121, 129, 145, 146, 151, 152, 163, 167, 173, 176, 194]
r: -0.1 info: -1
s: [4, 10, 12, 15, 19, 20, 22, 23, 24, 25, 31, 32, 33, 35, 37, 38, 45, 50, 58, 59, 67, 69, 71, 72, 73, 75, 83, 87, 96, 97, 102, 104, 109, 111, 114, 116, 121, 129, 145, 146, 151, 152, 163, 167, 173, 176, 194]
r: 0.7432572361722123 info: 0.2045083641751262
