s: [177]
r: -0.025 info: 1
s: [143, 177]
r: -0.025 info: 1
s: [143, 145, 177]
r: -0.025 info: 1
s: [140, 143, 145, 177]
r: -0.025 info: 1
s: [140, 143, 145, 177, 196]
r: -0.025 info: 1
s: [111, 140, 143, 145, 177, 196]
r: -0.025 info: 1
s: [111, 119, 140, 143, 145, 177, 196]
r: -0.025 info: 1
s: [66, 111, 119, 140, 143, 145, 177, 196]
r: -0.025 info: 1
s: [66, 111, 119, 140, 143, 145, 177, 195, 196]
r: -0.025 info: 1
s: [66, 87, 111, 119, 140, 143, 145, 177, 195, 196]
r: -0.025 info: 1
s: [66, 87, 100, 111, 119, 140, 143, 145, 177, 195, 196]
r: -0.025 info: 1
s: [66, 74, 87, 100, 111, 119, 140, 143, 145, 177, 195, 196]
r: -0.025 info: 1
s: [66, 74, 87, 100, 111, 119, 140, 143, 145, 158, 177, 195, 196]
r: -0.025 info: 1
s: [66, 74, 78, 87, 100, 111, 119, 140, 143, 145, 158, 177, 195, 196]
r: -0.025 info: 1
s: [66, 74, 78, 87, 100, 109, 111, 119, 140, 143, 145, 158, 177, 195, 196]
r: -0.025 info: 1
s: [66, 74, 78, 87, 100, 109, 111, 119, 140, 143, 145, 158, 177, 195, 196]
r: -0.1 info: -1
s: [66, 74, 78, 87, 100, 109, 111, 119, 137, 140, 143, 145, 158, 177, 195, 196]
r: -0.025 info: 1
s: [27, 66, 74, 78, 87, 100, 109, 111, 119, 137, 140, 143, 145, 158, 177, 195, 196]
r: -0.025 info: 1
s: [27, 66, 74, 78, 87, 100, 109, 111, 113, 119, 137, 140, 143, 145, 158, 177, 195, 196]
r: -0.025 info: 1
s: [27, 66, 74, 78, 87, 100, 109, 111, 113, 119, 137, 140, 143, 145, 158, 177, 183, 195, 196]
r: -0.025 info: 1
s: [27, 55, 66, 74, 78, 87, 100, 109, 111, 113, 119, 137, 140, 143, 145, 158, 177, 183, 195, 196]
r: -0.025 info: 1
s: [27, 55, 66, 74, 78, 87, 100, 109, 111, 113, 119, 137, 140, 143, 145, 158, 177, 183, 195, 196, 197]
r: -0.025 info: 1
s: [27, 55, 66, 74, 78, 87, 100, 109, 111, 113, 119, 137, 140, 143, 145, 148, 158, 177, 183, 195, 196, 197]
r: -0.025 info: 1
s: [27, 28, 55, 66, 74, 78, 87, 100, 109, 111, 113, 119, 137, 140, 143, 145, 148, 158, 177, 183, 195, 196, 197]
r: -0.025 info: 1
s: [27, 28, 55, 56, 66, 74, 78, 87, 100, 109, 111, 113, 119, 137, 140, 143, 145, 148, 158, 177, 183, 195, 196, 197]
r: -0.025 info: 1
s: [27, 28, 55, 56, 66, 74, 78, 87, 100, 109, 111, 113, 119, 137, 140, 143, 145, 148, 158, 177, 183, 195, 196, 197]
r: -0.1 info: -1
s: [27, 28, 55, 56, 66, 74, 78, 87, 95, 100, 109, 111, 113, 119, 137, 140, 143, 145, 148, 158, 177, 183, 195, 196, 197]
r: -0.025 info: 1
s: [27, 28, 55, 56, 59, 66, 74, 78, 87, 95, 100, 109, 111, 113, 119, 137, 140, 143, 145, 148, 158, 177, 183, 195, 196, 197]
r: -0.025 info: 1
s: [27, 28, 55, 56, 59, 66, 74, 78, 87, 95, 100, 109, 111, 113, 119, 137, 140, 143, 145, 148, 158, 177, 183, 191, 195, 196, 197]
r: -0.025 info: 1
s: [27, 28, 55, 56, 59, 66, 74, 78, 87, 95, 100, 109, 111, 113, 119, 137, 140, 143, 145, 148, 158, 174, 177, 183, 191, 195, 196, 197]
r: -0.025 info: 1
s: [27, 28, 55, 56, 59, 66, 74, 78, 87, 95, 100, 107, 109, 111, 113, 119, 137, 140, 143, 145, 148, 158, 174, 177, 183, 191, 195, 196, 197]
r: -0.025 info: 1
s: [27, 28, 55, 56, 59, 66, 74, 78, 83, 87, 95, 100, 107, 109, 111, 113, 119, 137, 140, 143, 145, 148, 158, 174, 177, 183, 191, 195, 196, 197]
r: -0.025 info: 1
s: [27, 28, 55, 56, 59, 66, 74, 78, 83, 87, 95, 100, 107, 109, 111, 113, 119, 128, 137, 140, 143, 145, 148, 158, 174, 177, 183, 191, 195, 196, 197]
r: -0.025 info: 1
s: [27, 28, 55, 56, 59, 66, 73, 74, 78, 83, 87, 95, 100, 107, 109, 111, 113, 119, 128, 137, 140, 143, 145, 148, 158, 174, 177, 183, 191, 195, 196, 197]
r: -0.025 info: 1
s: [27, 28, 55, 56, 59, 66, 73, 74, 78, 83, 87, 95, 100, 107, 109, 111, 113, 119, 128, 137, 140, 143, 145, 148, 158, 171, 174, 177, 183, 191, 195, 196, 197]
r: -0.025 info: 1
s: [27, 28, 55, 56, 59, 66, 73, 74, 78, 83, 87, 95, 100, 107, 109, 111, 113, 119, 128, 137, 139, 140, 143, 145, 148, 158, 171, 174, 177, 183, 191, 195, 196, 197]
r: -0.025 info: 1
s: [27, 28, 40, 55, 56, 59, 66, 73, 74, 78, 83, 87, 95, 100, 107, 109, 111, 113, 119, 128, 137, 139, 140, 143, 145, 148, 158, 171, 174, 177, 183, 191, 195, 196, 197]
r: -0.025 info: 1
s: [27, 28, 40, 55, 56, 59, 66, 73, 74, 78, 83, 87, 95, 100, 107, 109, 111, 113, 119, 128, 137, 139, 140, 143, 145, 148, 158, 171, 173, 174, 177, 183, 191, 195, 196, 197]
r: -0.025 info: 1
s: [27, 28, 40, 55, 56, 59, 66, 73, 74, 78, 83, 87, 95, 100, 107, 109, 111, 113, 119, 128, 137, 139, 140, 143, 145, 148, 158, 169, 171, 173, 174, 177, 183, 191, 195, 196, 197]
r: -0.025 info: 1
s: [0, 27, 28, 40, 55, 56, 59, 66, 73, 74, 78, 83, 87, 95, 100, 107, 109, 111, 113, 119, 128, 137, 139, 140, 143, 145, 148, 158, 169, 171, 173, 174, 177, 183, 191, 195, 196, 197]
r: -0.025 info: 1
s: [0, 27, 28, 40, 55, 56, 59, 66, 73, 74, 78, 83, 87, 95, 100, 107, 109, 111, 113, 119, 128, 137, 139, 140, 143, 145, 148, 158, 169, 171, 173, 174, 177, 183, 191, 195, 196, 197]
r: -0.1 info: -1
s: [0, 27, 28, 40, 55, 56, 59, 66, 73, 74, 78, 83, 87, 95, 100, 107, 109, 111, 113, 115, 119, 128, 137, 139, 140, 143, 145, 148, 158, 169, 171, 173, 174, 177, 183, 191, 195, 196, 197]
r: -0.025 info: 1
s: [0, 27, 28, 40, 55, 56, 59, 66, 73, 74, 78, 83, 87, 95, 100, 107, 109, 111, 113, 115, 119, 128, 137, 139, 140, 143, 145, 148, 158, 169, 171, 173, 174, 177, 183, 191, 195, 196, 197]
r: -0.1 info: -1
s: [0, 27, 28, 40, 55, 56, 59, 66, 73, 74, 78, 83, 87, 94, 95, 100, 107, 109, 111, 113, 115, 119, 128, 137, 139, 140, 143, 145, 148, 158, 169, 171, 173, 174, 177, 183, 191, 195, 196, 197]
r: -0.025 info: 1
s: [0, 27, 28, 40, 55, 56, 59, 66, 73, 74, 78, 83, 87, 94, 95, 100, 107, 109, 111, 113, 115, 119, 125, 128, 137, 139, 140, 143, 145, 148, 158, 169, 171, 173, 174, 177, 183, 191, 195, 196, 197]
r: -0.025 info: 1
s: [0, 27, 28, 40, 55, 56, 59, 66, 73, 74, 78, 83, 87, 94, 95, 100, 107, 109, 111, 113, 115, 119, 125, 128, 137, 139, 140, 143, 145, 148, 155, 158, 169, 171, 173, 174, 177, 183, 191, 195, 196, 197]
r: -0.025 info: 1
s: [0, 27, 28, 40, 55, 56, 59, 66, 73, 74, 78, 83, 87, 94, 95, 100, 107, 109, 111, 113, 115, 119, 125, 128, 137, 139, 140, 143, 145, 148, 155, 158, 169, 171, 173, 174, 177, 180, 183, 191, 195, 196, 197]
r: -0.025 info: 1
s: [0, 27, 28, 40, 55, 56, 59, 66, 73, 74, 78, 83, 87, 94, 95, 100, 107, 109, 111, 113, 115, 119, 125, 128, 137, 139, 140, 143, 145, 148, 155, 158, 169, 171, 173, 174, 177, 180, 183, 191, 195, 196, 197]
r: -0.1 info: -1
s: [0, 27, 28, 40, 55, 56, 59, 66, 73, 74, 78, 83, 87, 94, 95, 100, 107, 109, 111, 113, 115, 119, 125, 128, 137, 139, 140, 143, 145, 148, 155, 158, 169, 171, 173, 174, 177, 179, 180, 183, 191, 195, 196, 197]
r: -0.025 info: 1
s: [0, 27, 28, 40, 44, 55, 56, 59, 66, 73, 74, 78, 83, 87, 94, 95, 100, 107, 109, 111, 113, 115, 119, 125, 128, 137, 139, 140, 143, 145, 148, 155, 158, 169, 171, 173, 174, 177, 179, 180, 183, 191, 195, 196, 197]
r: -0.025 info: 1
s: [0, 27, 28, 40, 44, 55, 56, 59, 66, 73, 74, 78, 83, 87, 88, 94, 95, 100, 107, 109, 111, 113, 115, 119, 125, 128, 137, 139, 140, 143, 145, 148, 155, 158, 169, 171, 173, 174, 177, 179, 180, 183, 191, 195, 196, 197]
r: -0.025 info: 1
s: [0, 27, 28, 40, 44, 55, 56, 59, 66, 73, 74, 78, 83, 87, 88, 94, 95, 100, 107, 109, 111, 113, 115, 119, 125, 128, 137, 139, 140, 143, 145, 148, 155, 158, 169, 171, 173, 174, 177, 179, 180, 183, 191, 195, 196, 197]
r: -0.1 info: -1
s: [0, 27, 28, 40, 44, 55, 56, 59, 66, 73, 74, 78, 83, 87, 88, 94, 95, 100, 107, 109, 111, 113, 115, 119, 125, 128, 137, 139, 140, 143, 145, 148, 155, 158, 169, 171, 173, 174, 177, 179, 180, 183, 191, 195, 196, 197]
r: -0.1 info: -1
s: [0, 27, 28, 40, 44, 55, 56, 59, 66, 73, 74, 78, 83, 87, 88, 94, 95, 100, 107, 109, 111, 113, 115, 119, 125, 128, 130, 137, 139, 140, 143, 145, 148, 155, 158, 169, 171, 173, 174, 177, 179, 180, 183, 191, 195, 196, 197]
r: -0.025 info: 1
s: [0, 27, 28, 40, 44, 55, 56, 59, 62, 66, 73, 74, 78, 83, 87, 88, 94, 95, 100, 107, 109, 111, 113, 115, 119, 125, 128, 130, 137, 139, 140, 143, 145, 148, 155, 158, 169, 171, 173, 174, 177, 179, 180, 183, 191, 195, 196, 197]
r: -0.025 info: 1
s: [0, 27, 28, 40, 44, 55, 56, 59, 62, 66, 73, 74, 78, 83, 87, 88, 94, 95, 100, 107, 109, 111, 113, 115, 119, 125, 128, 130, 137, 139, 140, 143, 145, 148, 155, 158, 162, 169, 171, 173, 174, 177, 179, 180, 183, 191, 195, 196, 197]
r: -0.025 info: 1
s: [0, 27, 28, 40, 44, 55, 56, 59, 62, 66, 73, 74, 78, 83, 87, 88, 94, 95, 100, 107, 109, 111, 113, 115, 119, 125, 128, 130, 137, 139, 140, 143, 145, 148, 155, 158, 162, 169, 171, 173, 174, 177, 179, 180, 181, 183, 191, 195, 196, 197]
r: -0.025 info: 1
s: [0, 4, 27, 28, 40, 44, 55, 56, 59, 62, 66, 73, 74, 78, 83, 87, 88, 94, 95, 100, 107, 109, 111, 113, 115, 119, 125, 128, 130, 137, 139, 140, 143, 145, 148, 155, 158, 162, 169, 171, 173, 174, 177, 179, 180, 181, 183, 191, 195, 196, 197]
r: -0.025 info: 1
s: [0, 4, 27, 28, 40, 44, 55, 56, 59, 62, 66, 73, 74, 78, 83, 87, 88, 94, 95, 100, 107, 109, 111, 113, 115, 119, 125, 128, 130, 137, 139, 140, 143, 145, 148, 155, 158, 162, 169, 171, 173, 174, 177, 179, 180, 181, 183, 191, 195, 196, 197]
r: -0.1 info: -1
s: [0, 4, 27, 28, 32, 40, 44, 55, 56, 59, 62, 66, 73, 74, 78, 83, 87, 88, 94, 95, 100, 107, 109, 111, 113, 115, 119, 125, 128, 130, 137, 139, 140, 143, 145, 148, 155, 158, 162, 169, 171, 173, 174, 177, 179, 180, 181, 183, 191, 195, 196, 197]
r: -0.025 info: 1
s: [0, 4, 27, 28, 32, 40, 44, 55, 56, 59, 62, 66, 73, 74, 78, 83, 87, 88, 94, 95, 100, 107, 109, 111, 113, 115, 119, 125, 128, 130, 137, 139, 140, 143, 145, 146, 148, 155, 158, 162, 169, 171, 173, 174, 177, 179, 180, 181, 183, 191, 195, 196, 197]
r: -0.025 info: 1
s: [0, 4, 27, 28, 32, 40, 44, 55, 56, 59, 62, 66, 73, 74, 78, 83, 87, 88, 94, 95, 100, 107, 109, 111, 113, 115, 119, 125, 127, 128, 130, 137, 139, 140, 143, 145, 146, 148, 155, 158, 162, 169, 171, 173, 174, 177, 179, 180, 181, 183, 191, 195, 196, 197]
r: -0.025 info: 1
s: [0, 4, 27, 28, 32, 40, 44, 55, 56, 59, 62, 66, 73, 74, 78, 83, 87, 88, 94, 95, 100, 107, 109, 111, 113, 115, 119, 125, 127, 128, 130, 137, 139, 140, 143, 145, 146, 148, 155, 158, 162, 169, 171, 173, 174, 177, 179, 180, 181, 183, 191, 195, 196, 197]
r: -0.1 info: -1
s: [0, 4, 27, 28, 32, 40, 44, 55, 56, 59, 62, 66, 73, 74, 78, 83, 87, 88, 94, 95, 100, 107, 109, 111, 113, 115, 119, 125, 127, 128, 130, 135, 137, 139, 140, 143, 145, 146, 148, 155, 158, 162, 169, 171, 173, 174, 177, 179, 180, 181, 183, 191, 195, 196, 197]
r: -0.025 info: 1
s: [0, 4, 27, 28, 32, 40, 44, 55, 56, 59, 62, 66, 73, 74, 78, 83, 87, 88, 94, 95, 100, 107, 109, 111, 113, 115, 119, 125, 127, 128, 130, 135, 137, 139, 140, 143, 145, 146, 148, 155, 158, 162, 169, 171, 173, 174, 177, 179, 180, 181, 183, 191, 195, 196, 197]
r: -0.1 info: -1
s: [0, 4, 27, 28, 32, 40, 44, 55, 56, 59, 62, 66, 73, 74, 78, 83, 87, 88, 94, 95, 100, 107, 109, 111, 113, 115, 119, 125, 127, 128, 130, 135, 137, 139, 140, 143, 145, 146, 148, 155, 158, 162, 169, 171, 173, 174, 177, 179, 180, 181, 183, 185, 191, 195, 196, 197]
r: -0.025 info: 1
s: [0, 4, 27, 28, 32, 40, 44, 55, 56, 59, 62, 66, 73, 74, 78, 83, 87, 88, 94, 95, 100, 107, 109, 111, 113, 115, 119, 125, 127, 128, 130, 135, 137, 139, 140, 143, 145, 146, 148, 155, 158, 162, 169, 171, 173, 174, 177, 179, 180, 181, 183, 185, 191, 195, 196, 197]
r: -0.1 info: -1
s: [0, 4, 27, 28, 32, 40, 44, 55, 56, 59, 62, 66, 73, 74, 78, 83, 87, 88, 94, 95, 100, 107, 109, 111, 113, 115, 119, 125, 127, 128, 130, 135, 137, 139, 140, 143, 145, 146, 148, 150, 155, 158, 162, 169, 171, 173, 174, 177, 179, 180, 181, 183, 185, 191, 195, 196, 197]
r: -0.025 info: 1
s: [0, 4, 27, 28, 32, 40, 44, 49, 55, 56, 59, 62, 66, 73, 74, 78, 83, 87, 88, 94, 95, 100, 107, 109, 111, 113, 115, 119, 125, 127, 128, 130, 135, 137, 139, 140, 143, 145, 146, 148, 150, 155, 158, 162, 169, 171, 173, 174, 177, 179, 180, 181, 183, 185, 191, 195, 196, 197]
r: -0.025 info: 1
s: [0, 4, 27, 28, 32, 40, 44, 49, 55, 56, 59, 62, 66, 73, 74, 78, 83, 87, 88, 94, 95, 100, 107, 109, 111, 113, 115, 119, 125, 127, 128, 130, 135, 137, 139, 140, 143, 145, 146, 148, 150, 155, 158, 162, 169, 171, 173, 174, 177, 179, 180, 181, 183, 185, 186, 191, 195, 196, 197]
r: -0.025 info: 1
s: [0, 4, 27, 28, 32, 40, 44, 48, 49, 55, 56, 59, 62, 66, 73, 74, 78, 83, 87, 88, 94, 95, 100, 107, 109, 111, 113, 115, 119, 125, 127, 128, 130, 135, 137, 139, 140, 143, 145, 146, 148, 150, 155, 158, 162, 169, 171, 173, 174, 177, 179, 180, 181, 183, 185, 186, 191, 195, 196, 197]
r: -0.025 info: 1
s: [0, 4, 27, 28, 32, 40, 44, 48, 49, 55, 56, 59, 62, 66, 73, 74, 78, 83, 87, 88, 94, 95, 100, 107, 109, 111, 113, 115, 119, 125, 127, 128, 130, 135, 137, 139, 140, 143, 145, 146, 148, 150, 155, 158, 162, 169, 171, 173, 174, 177, 179, 180, 181, 183, 185, 186, 191, 195, 196, 197]
r: -0.1 info: -1
s: [0, 4, 27, 28, 32, 40, 44, 48, 49, 55, 56, 59, 62, 66, 73, 74, 78, 83, 87, 88, 94, 95, 100, 107, 109, 111, 113, 115, 119, 125, 127, 128, 130, 135, 137, 139, 140, 143, 145, 146, 148, 150, 155, 157, 158, 162, 169, 171, 173, 174, 177, 179, 180, 181, 183, 185, 186, 191, 195, 196, 197]
r: -0.025 info: 1
s: [0, 4, 27, 28, 32, 40, 44, 48, 49, 55, 56, 59, 62, 66, 73, 74, 78, 83, 87, 88, 94, 95, 100, 107, 109, 111, 113, 115, 119, 125, 127, 128, 130, 135, 137, 139, 140, 143, 145, 146, 148, 150, 155, 157, 158, 159, 162, 169, 171, 173, 174, 177, 179, 180, 181, 183, 185, 186, 191, 195, 196, 197]
r: -0.025 info: 1
s: [0, 4, 27, 28, 32, 40, 44, 48, 49, 55, 56, 59, 62, 66, 73, 74, 78, 83, 87, 88, 94, 95, 100, 107, 109, 111, 113, 115, 119, 125, 127, 128, 130, 135, 137, 139, 140, 143, 145, 146, 148, 150, 155, 157, 158, 159, 162, 169, 171, 173, 174, 177, 179, 180, 181, 183, 185, 186, 191, 195, 196, 197]
r: -0.1 info: -1
s: [0, 4, 27, 28, 32, 40, 44, 48, 49, 55, 56, 59, 62, 66, 73, 74, 78, 83, 87, 88, 94, 95, 100, 107, 109, 111, 113, 115, 119, 125, 127, 128, 130, 135, 137, 139, 140, 143, 145, 146, 148, 150, 155, 157, 158, 159, 162, 169, 171, 173, 174, 177, 179, 180, 181, 183, 185, 186, 191, 195, 196, 197]
r: -0.1 info: -1
s: [0, 4, 27, 28, 32, 40, 44, 48, 49, 55, 56, 59, 62, 66, 73, 74, 78, 83, 87, 88, 94, 95, 100, 107, 109, 111, 113, 115, 119, 125, 127, 128, 130, 135, 137, 139, 140, 143, 145, 146, 148, 150, 155, 157, 158, 159, 162, 169, 171, 173, 174, 177, 179, 180, 181, 183, 185, 186, 191, 195, 196, 197]
r: -0.1 info: -1
s: [0, 4, 27, 28, 32, 40, 44, 48, 49, 55, 56, 59, 62, 66, 73, 74, 78, 83, 87, 88, 94, 95, 100, 107, 109, 111, 113, 115, 119, 125, 127, 128, 130, 135, 137, 139, 140, 143, 145, 146, 148, 150, 155, 157, 158, 159, 162, 169, 171, 173, 174, 177, 179, 180, 181, 183, 185, 186, 191, 195, 196, 197]
r: -0.1 info: -1
s: [0, 4, 27, 28, 32, 40, 44, 48, 49, 55, 56, 59, 62, 66, 73, 74, 78, 83, 87, 88, 94, 95, 100, 107, 109, 111, 113, 115, 119, 125, 127, 128, 130, 135, 137, 139, 140, 143, 145, 146, 148, 150, 155, 157, 158, 159, 162, 169, 171, 173, 174, 177, 179, 180, 181, 183, 185, 186, 189, 191, 195, 196, 197]
r: -0.025 info: 1
s: [0, 4, 27, 28, 32, 40, 44, 48, 49, 55, 56, 59, 62, 66, 73, 74, 78, 83, 87, 88, 94, 95, 100, 107, 109, 111, 113, 115, 119, 125, 126, 127, 128, 130, 135, 137, 139, 140, 143, 145, 146, 148, 150, 155, 157, 158, 159, 162, 169, 171, 173, 174, 177, 179, 180, 181, 183, 185, 186, 189, 191, 195, 196, 197]
r: -0.025 info: 1
s: [0, 4, 27, 28, 32, 40, 44, 48, 49, 55, 56, 59, 62, 66, 73, 74, 78, 83, 87, 88, 94, 95, 100, 107, 109, 111, 113, 115, 119, 125, 126, 127, 128, 130, 135, 137, 139, 140, 143, 145, 146, 148, 150, 155, 157, 158, 159, 162, 169, 171, 173, 174, 177, 179, 180, 181, 183, 185, 186, 189, 191, 195, 196, 197]
r: -0.1 info: -1
s: [0, 4, 27, 28, 32, 40, 44, 48, 49, 55, 56, 59, 62, 66, 73, 74, 78, 83, 87, 88, 94, 95, 100, 107, 109, 111, 113, 115, 119, 125, 126, 127, 128, 130, 135, 137, 139, 140, 143, 145, 146, 148, 150, 155, 157, 158, 159, 162, 169, 171, 173, 174, 177, 179, 180, 181, 183, 185, 186, 189, 191, 195, 196, 197]
r: -0.1 info: -1
s: [0, 4, 27, 28, 32, 40, 44, 48, 49, 55, 56, 59, 62, 66, 73, 74, 78, 83, 87, 88, 94, 95, 100, 104, 107, 109, 111, 113, 115, 119, 125, 126, 127, 128, 130, 135, 137, 139, 140, 143, 145, 146, 148, 150, 155, 157, 158, 159, 162, 169, 171, 173, 174, 177, 179, 180, 181, 183, 185, 186, 189, 191, 195, 196, 197]
r: -0.025 info: 1
s: [0, 4, 27, 28, 32, 40, 44, 48, 49, 55, 56, 59, 62, 66, 73, 74, 78, 83, 87, 88, 94, 95, 100, 104, 107, 109, 111, 113, 115, 119, 125, 126, 127, 128, 130, 135, 137, 139, 140, 143, 145, 146, 148, 150, 155, 157, 158, 159, 162, 169, 171, 173, 174, 177, 179, 180, 181, 183, 185, 186, 189, 191, 195, 196, 197]
r: -0.1 info: -1
s: [0, 4, 27, 28, 32, 40, 44, 48, 49, 55, 56, 59, 62, 66, 73, 74, 78, 83, 87, 88, 94, 95, 100, 104, 107, 109, 111, 113, 115, 119, 125, 126, 127, 128, 130, 135, 137, 139, 140, 143, 145, 146, 148, 150, 155, 157, 158, 159, 162, 169, 171, 173, 174, 177, 179, 180, 181, 183, 185, 186, 188, 189, 191, 195, 196, 197]
r: -0.025 info: 1
s: [0, 4, 27, 28, 32, 40, 44, 48, 49, 55, 56, 59, 62, 66, 73, 74, 78, 83, 87, 88, 94, 95, 100, 104, 107, 109, 111, 112, 113, 115, 119, 125, 126, 127, 128, 130, 135, 137, 139, 140, 143, 145, 146, 148, 150, 155, 157, 158, 159, 162, 169, 171, 173, 174, 177, 179, 180, 181, 183, 185, 186, 188, 189, 191, 195, 196, 197]
r: -0.025 info: 1
s: [0, 4, 27, 28, 32, 40, 44, 48, 49, 55, 56, 59, 62, 66, 73, 74, 78, 83, 87, 88, 94, 95, 100, 104, 107, 109, 111, 112, 113, 115, 119, 125, 126, 127, 128, 130, 135, 137, 139, 140, 143, 145, 146, 148, 150, 155, 157, 158, 159, 162, 169, 171, 172, 173, 174, 177, 179, 180, 181, 183, 185, 186, 188, 189, 191, 195, 196, 197]
r: -0.025 info: 1
s: [0, 4, 27, 28, 32, 40, 44, 48, 49, 55, 56, 59, 62, 66, 73, 74, 78, 83, 87, 88, 94, 95, 100, 104, 107, 109, 111, 112, 113, 115, 119, 125, 126, 127, 128, 130, 135, 137, 139, 140, 143, 145, 146, 148, 150, 155, 157, 158, 159, 162, 169, 171, 172, 173, 174, 177, 179, 180, 181, 183, 185, 186, 188, 189, 191, 195, 196, 197]
r: -0.1 info: -1
s: [0, 4, 27, 28, 32, 40, 44, 48, 49, 55, 56, 59, 62, 66, 73, 74, 78, 83, 87, 88, 94, 95, 100, 104, 107, 109, 111, 112, 113, 115, 119, 125, 126, 127, 128, 130, 135, 137, 139, 140, 143, 145, 146, 148, 150, 155, 157, 158, 159, 160, 162, 169, 171, 172, 173, 174, 177, 179, 180, 181, 183, 185, 186, 188, 189, 191, 195, 196, 197]
r: -0.025 info: 1
s: [0, 4, 27, 28, 32, 40, 44, 48, 49, 55, 56, 59, 62, 66, 73, 74, 78, 83, 87, 88, 94, 95, 100, 104, 107, 109, 111, 112, 113, 115, 119, 125, 126, 127, 128, 130, 135, 137, 139, 140, 143, 145, 146, 148, 150, 155, 157, 158, 159, 160, 162, 169, 171, 172, 173, 174, 177, 179, 180, 181, 183, 185, 186, 188, 189, 191, 195, 196, 197]
r: -0.1 info: -1
s: [0, 4, 27, 28, 32, 40, 44, 48, 49, 55, 56, 59, 62, 66, 73, 74, 78, 83, 87, 88, 94, 95, 100, 104, 107, 109, 111, 112, 113, 115, 119, 125, 126, 127, 128, 130, 135, 137, 139, 140, 143, 145, 146, 148, 150, 155, 157, 158, 159, 160, 162, 169, 171, 172, 173, 174, 177, 179, 180, 181, 183, 185, 186, 188, 189, 191, 195, 196, 197]
r: -0.1 info: -1
s: [0, 4, 27, 28, 32, 40, 44, 48, 49, 55, 56, 59, 62, 66, 73, 74, 78, 83, 87, 88, 94, 95, 100, 104, 107, 109, 111, 112, 113, 115, 119, 125, 126, 127, 128, 130, 135, 137, 139, 140, 143, 145, 146, 148, 150, 155, 157, 158, 159, 160, 162, 169, 171, 172, 173, 174, 177, 179, 180, 181, 183, 185, 186, 188, 189, 191, 195, 196, 197]
r: -0.1 info: -1
s: [0, 4, 27, 28, 32, 40, 44, 48, 49, 55, 56, 59, 62, 66, 73, 74, 78, 83, 87, 88, 94, 95, 100, 104, 107, 109, 111, 112, 113, 115, 119, 125, 126, 127, 128, 130, 135, 137, 139, 140, 143, 145, 146, 148, 150, 155, 157, 158, 159, 160, 162, 169, 171, 172, 173, 174, 177, 179, 180, 181, 183, 185, 186, 188, 189, 191, 195, 196, 197]
r: -0.1 info: -1
s: [0, 4, 27, 28, 32, 40, 44, 48, 49, 55, 56, 59, 62, 66, 73, 74, 78, 83, 87, 88, 94, 95, 100, 104, 107, 109, 111, 112, 113, 115, 119, 125, 126, 127, 128, 130, 135, 137, 139, 140, 143, 145, 146, 148, 150, 155, 157, 158, 159, 160, 162, 169, 171, 172, 173, 174, 177, 179, 180, 181, 183, 185, 186, 188, 189, 191, 195, 196, 197]
r: -0.1 info: -1
s: [0, 4, 27, 28, 32, 40, 44, 48, 49, 55, 56, 59, 62, 66, 73, 74, 78, 83, 87, 88, 94, 95, 100, 104, 107, 109, 111, 112, 113, 115, 119, 125, 126, 127, 128, 130, 135, 137, 139, 140, 143, 145, 146, 148, 150, 155, 157, 158, 159, 160, 162, 169, 171, 172, 173, 174, 177, 179, 180, 181, 183, 185, 186, 188, 189, 191, 195, 196, 197]
r: -0.1 info: -1
s: [0, 4, 27, 28, 32, 40, 44, 48, 49, 55, 56, 59, 62, 66, 73, 74, 78, 83, 87, 88, 94, 95, 100, 104, 107, 109, 111, 112, 113, 115, 119, 125, 126, 127, 128, 130, 135, 137, 139, 140, 143, 145, 146, 148, 150, 155, 157, 158, 159, 160, 162, 169, 171, 172, 173, 174, 177, 179, 180, 181, 183, 185, 186, 188, 189, 191, 195, 196, 197]
r: -0.1 info: -1
s: [0, 4, 27, 28, 32, 40, 44, 48, 49, 55, 56, 59, 62, 66, 73, 74, 78, 83, 87, 88, 94, 95, 100, 104, 107, 109, 111, 112, 113, 115, 119, 125, 126, 127, 128, 130, 135, 137, 139, 140, 143, 145, 146, 148, 150, 155, 157, 158, 159, 160, 162, 169, 171, 172, 173, 174, 177, 179, 180, 181, 183, 185, 186, 188, 189, 191, 195, 196, 197]
r: -0.1 info: -1
s: [0, 4, 27, 28, 32, 40, 44, 48, 49, 55, 56, 59, 62, 66, 73, 74, 78, 83, 87, 88, 94, 95, 100, 104, 107, 109, 111, 112, 113, 115, 119, 125, 126, 127, 128, 130, 135, 137, 139, 140, 143, 145, 146, 148, 150, 155, 157, 158, 159, 160, 162, 169, 171, 172, 173, 174, 177, 179, 180, 181, 183, 185, 186, 188, 189, 191, 195, 196, 197]
r: -1.064111921004951 info: 0.018397632287815213
