s: [170]
r: -0.1 info: 1
s: [170, 181]
r: -0.1 info: 1
s: [146, 170, 181]
r: -0.1 info: 1
s: [146, 153, 170, 181]
r: -0.1 info: 1
s: [146, 153, 170, 181, 184]
r: -0.1 info: 1
s: [94, 146, 153, 170, 181, 184]
r: -0.1 info: 1
s: [94, 146, 153, 170, 181, 184]
r: -0.1 info: -1
s: [68, 94, 146, 153, 170, 181, 184]
r: -0.1 info: 1
s: [68, 94, 146, 153, 170, 181, 183, 184]
r: -0.1 info: 1
s: [68, 94, 146, 153, 170, 181, 183, 184]
r: -0.1 info: -1
s: [68, 94, 146, 153, 170, 177, 181, 183, 184]
r: -0.1 info: 1
s: [68, 94, 126, 146, 153, 170, 177, 181, 183, 184]
r: -0.1 info: 1
s: [68, 94, 126, 127, 146, 153, 170, 177, 181, 183, 184]
r: -0.1 info: 1
s: [68, 79, 94, 126, 127, 146, 153, 170, 177, 181, 183, 184]
r: -0.1 info: 1
s: [68, 79, 94, 110, 126, 127, 146, 153, 170, 177, 181, 183, 184]
r: -0.1 info: 1
s: [68, 79, 94, 110, 126, 127, 146, 153, 170, 177, 180, 181, 183, 184]
r: -0.1 info: 1
s: [68, 79, 94, 110, 126, 127, 146, 153, 160, 170, 177, 180, 181, 183, 184]
r: -0.1 info: 1
s: [68, 79, 84, 94, 110, 126, 127, 146, 153, 160, 170, 177, 180, 181, 183, 184]
r: -0.1 info: 1
s: [68, 79, 84, 88, 94, 110, 126, 127, 146, 153, 160, 170, 177, 180, 181, 183, 184]
r: -0.1 info: 1
s: [68, 79, 84, 88, 94, 110, 126, 127, 146, 153, 160, 170, 177, 180, 181, 183, 184, 195]
r: -0.1 info: 1
s: [68, 79, 84, 88, 94, 110, 126, 127, 146, 153, 160, 170, 173, 177, 180, 181, 183, 184, 195]
r: -0.1 info: 1
s: [68, 79, 84, 88, 94, 110, 126, 127, 146, 153, 160, 166, 170, 173, 177, 180, 181, 183, 184, 195]
r: -0.1 info: 1
s: [68, 79, 84, 88, 94, 110, 126, 127, 146, 153, 160, 163, 166, 170, 173, 177, 180, 181, 183, 184, 195]
r: -0.1 info: 1
s: [68, 79, 84, 88, 94, 110, 126, 127, 146, 153, 160, 163, 166, 170, 173, 177, 180, 181, 183, 184, 195]
r: -0.1 info: -1
s: [68, 79, 84, 88, 94, 110, 126, 127, 146, 153, 158, 160, 163, 166, 170, 173, 177, 180, 181, 183, 184, 195]
r: -0.1 info: 1
s: [68, 79, 84, 88, 94, 110, 126, 127, 146, 153, 158, 160, 163, 166, 170, 173, 177, 180, 181, 183, 184, 187, 195]
r: -0.1 info: 1
s: [68, 79, 84, 88, 94, 102, 110, 126, 127, 146, 153, 158, 160, 163, 166, 170, 173, 177, 180, 181, 183, 184, 187, 195]
r: -0.1 info: 1
s: [68, 79, 84, 88, 94, 102, 110, 114, 126, 127, 146, 153, 158, 160, 163, 166, 170, 173, 177, 180, 181, 183, 184, 187, 195]
r: -0.1 info: 1
s: [68, 79, 84, 88, 94, 102, 110, 114, 126, 127, 146, 153, 158, 160, 163, 166, 170, 173, 177, 180, 181, 183, 184, 187, 195]
r: -0.1 info: -1
s: [68, 79, 84, 88, 94, 102, 110, 114, 126, 127, 146, 153, 158, 160, 163, 166, 170, 173, 177, 180, 181, 183, 184, 185, 187, 195]
r: -0.1 info: 1
s: [68, 79, 84, 88, 94, 102, 110, 114, 126, 127, 146, 153, 158, 160, 163, 166, 170, 173, 177, 180, 181, 183, 184, 185, 187, 195]
r: -0.1 info: -1
s: [68, 79, 84, 88, 94, 102, 110, 114, 126, 127, 146, 153, 158, 160, 163, 166, 170, 173, 177, 180, 181, 183, 184, 185, 187, 195]
r: -0.1 info: -1
s: [7, 68, 79, 84, 88, 94, 102, 110, 114, 126, 127, 146, 153, 158, 160, 163, 166, 170, 173, 177, 180, 181, 183, 184, 185, 187, 195]
r: -0.1 info: 1
s: [7, 68, 79, 84, 88, 94, 102, 110, 114, 126, 127, 146, 153, 158, 160, 161, 163, 166, 170, 173, 177, 180, 181, 183, 184, 185, 187, 195]
r: -0.1 info: 1
s: [7, 68, 79, 84, 88, 94, 102, 110, 114, 118, 126, 127, 146, 153, 158, 160, 161, 163, 166, 170, 173, 177, 180, 181, 183, 184, 185, 187, 195]
r: -0.1 info: 1
s: [7, 68, 79, 84, 88, 94, 102, 110, 114, 118, 126, 127, 146, 153, 155, 158, 160, 161, 163, 166, 170, 173, 177, 180, 181, 183, 184, 185, 187, 195]
r: -0.1 info: 1
s: [7, 68, 79, 84, 88, 94, 102, 110, 114, 118, 126, 127, 146, 147, 153, 155, 158, 160, 161, 163, 166, 170, 173, 177, 180, 181, 183, 184, 185, 187, 195]
r: -0.1 info: 1
s: [7, 31, 68, 79, 84, 88, 94, 102, 110, 114, 118, 126, 127, 146, 147, 153, 155, 158, 160, 161, 163, 166, 170, 173, 177, 180, 181, 183, 184, 185, 187, 195]
r: -0.1 info: 1
s: [7, 31, 68, 79, 84, 88, 94, 102, 110, 114, 118, 119, 126, 127, 146, 147, 153, 155, 158, 160, 161, 163, 166, 170, 173, 177, 180, 181, 183, 184, 185, 187, 195]
r: -0.1 info: 1
s: [7, 31, 68, 79, 84, 88, 94, 102, 110, 114, 118, 119, 126, 127, 146, 147, 153, 155, 158, 160, 161, 163, 166, 170, 173, 177, 180, 181, 183, 184, 185, 187, 195, 197]
r: -0.1 info: 1
s: [7, 31, 63, 68, 79, 84, 88, 94, 102, 110, 114, 118, 119, 126, 127, 146, 147, 153, 155, 158, 160, 161, 163, 166, 170, 173, 177, 180, 181, 183, 184, 185, 187, 195, 197]
r: -0.1 info: 1
s: [7, 31, 63, 68, 78, 79, 84, 88, 94, 102, 110, 114, 118, 119, 126, 127, 146, 147, 153, 155, 158, 160, 161, 163, 166, 170, 173, 177, 180, 181, 183, 184, 185, 187, 195, 197]
r: -0.1 info: 1
s: [7, 31, 63, 68, 78, 79, 84, 88, 94, 102, 110, 114, 118, 119, 126, 127, 146, 147, 153, 155, 158, 160, 161, 163, 166, 170, 173, 177, 180, 181, 183, 184, 185, 186, 187, 195, 197]
r: -0.1 info: 1
s: [7, 31, 63, 68, 78, 79, 84, 88, 94, 102, 110, 114, 118, 119, 126, 127, 146, 147, 153, 155, 158, 160, 161, 163, 166, 170, 173, 177, 180, 181, 183, 184, 185, 186, 187, 195, 197]
r: -0.1 info: -1
s: [7, 29, 31, 63, 68, 78, 79, 84, 88, 94, 102, 110, 114, 118, 119, 126, 127, 146, 147, 153, 155, 158, 160, 161, 163, 166, 170, 173, 177, 180, 181, 183, 184, 185, 186, 187, 195, 197]
r: -0.1 info: 1
s: [7, 29, 31, 63, 68, 78, 79, 84, 88, 94, 102, 110, 114, 118, 119, 126, 127, 146, 147, 153, 155, 158, 160, 161, 163, 166, 170, 173, 177, 180, 181, 183, 184, 185, 186, 187, 195, 197]
r: -0.1 info: -1
s: [7, 29, 31, 63, 68, 78, 79, 84, 88, 94, 102, 110, 114, 118, 119, 126, 127, 146, 147, 153, 155, 158, 160, 161, 163, 166, 170, 173, 177, 179, 180, 181, 183, 184, 185, 186, 187, 195, 197]
r: -0.1 info: 1
s: [7, 29, 31, 63, 68, 78, 79, 84, 88, 94, 102, 110, 114, 118, 119, 126, 127, 146, 147, 153, 155, 158, 160, 161, 162, 163, 166, 170, 173, 177, 179, 180, 181, 183, 184, 185, 186, 187, 195, 197]
r: -0.1 info: 1
s: [7, 29, 31, 63, 68, 78, 79, 84, 88, 94, 102, 110, 114, 118, 119, 126, 127, 146, 147, 153, 155, 158, 160, 161, 162, 163, 166, 170, 173, 177, 179, 180, 181, 183, 184, 185, 186, 187, 195, 197]
r: -0.1 info: -1
s: [7, 29, 31, 63, 68, 78, 79, 84, 88, 94, 102, 110, 114, 118, 119, 126, 127, 146, 147, 153, 155, 158, 160, 161, 162, 163, 166, 170, 173, 176, 177, 179, 180, 181, 183, 184, 185, 186, 187, 195, 197]
r: -0.1 info: 1
s: [7, 29, 31, 63, 68, 78, 79, 84, 88, 94, 102, 110, 114, 118, 119, 126, 127, 146, 147, 153, 155, 158, 160, 161, 162, 163, 166, 170, 173, 176, 177, 179, 180, 181, 183, 184, 185, 186, 187, 193, 195, 197]
r: -0.1 info: 1
s: [7, 29, 31, 63, 68, 78, 79, 84, 88, 94, 100, 102, 110, 114, 118, 119, 126, 127, 146, 147, 153, 155, 158, 160, 161, 162, 163, 166, 170, 173, 176, 177, 179, 180, 181, 183, 184, 185, 186, 187, 193, 195, 197]
r: -0.1 info: 1
s: [7, 29, 31, 63, 68, 78, 79, 84, 88, 94, 100, 102, 110, 114, 118, 119, 126, 127, 146, 147, 153, 155, 158, 160, 161, 162, 163, 164, 166, 170, 173, 176, 177, 179, 180, 181, 183, 184, 185, 186, 187, 193, 195, 197]
r: -0.1 info: 1
s: [7, 29, 31, 63, 68, 78, 79, 84, 88, 94, 100, 102, 103, 110, 114, 118, 119, 126, 127, 146, 147, 153, 155, 158, 160, 161, 162, 163, 164, 166, 170, 173, 176, 177, 179, 180, 181, 183, 184, 185, 186, 187, 193, 195, 197]
r: -0.1 info: 1
s: [7, 29, 31, 63, 68, 78, 79, 84, 88, 94, 100, 102, 103, 104, 110, 114, 118, 119, 126, 127, 146, 147, 153, 155, 158, 160, 161, 162, 163, 164, 166, 170, 173, 176, 177, 179, 180, 181, 183, 184, 185, 186, 187, 193, 195, 197]
r: -0.1 info: 1
s: [7, 29, 31, 63, 68, 78, 79, 84, 88, 94, 100, 102, 103, 104, 110, 114, 118, 119, 126, 127, 146, 147, 153, 155, 158, 160, 161, 162, 163, 164, 165, 166, 170, 173, 176, 177, 179, 180, 181, 183, 184, 185, 186, 187, 193, 195, 197]
r: -0.1 info: 1
s: [7, 29, 31, 63, 68, 78, 79, 84, 88, 94, 100, 102, 103, 104, 110, 114, 118, 119, 126, 127, 146, 147, 153, 155, 158, 160, 161, 162, 163, 164, 165, 166, 170, 173, 176, 177, 179, 180, 181, 183, 184, 185, 186, 187, 193, 195, 197]
r: -0.1 info: -1
s: [7, 29, 31, 63, 68, 78, 79, 84, 88, 94, 100, 102, 103, 104, 110, 114, 118, 119, 126, 127, 130, 146, 147, 153, 155, 158, 160, 161, 162, 163, 164, 165, 166, 170, 173, 176, 177, 179, 180, 181, 183, 184, 185, 186, 187, 193, 195, 197]
r: -0.1 info: 1
s: [7, 29, 31, 63, 68, 78, 79, 84, 88, 94, 100, 102, 103, 104, 110, 114, 118, 119, 126, 127, 130, 146, 147, 153, 155, 158, 160, 161, 162, 163, 164, 165, 166, 170, 173, 176, 177, 179, 180, 181, 183, 184, 185, 186, 187, 193, 195, 197]
r: -0.1 info: -1
s: [7, 29, 31, 63, 68, 78, 79, 84, 88, 94, 100, 102, 103, 104, 110, 114, 118, 119, 126, 127, 130, 146, 147, 153, 155, 158, 160, 161, 162, 163, 164, 165, 166, 170, 173, 176, 177, 179, 180, 181, 183, 184, 185, 186, 187, 193, 195, 197]
r: -0.1 info: -1
s: [7, 29, 31, 63, 68, 78, 79, 84, 88, 94, 100, 102, 103, 104, 110, 114, 118, 119, 126, 127, 130, 146, 147, 153, 155, 158, 160, 161, 162, 163, 164, 165, 166, 170, 173, 176, 177, 179, 180, 181, 183, 184, 185, 186, 187, 193, 195, 197]
r: -0.1 info: -1
s: [7, 29, 31, 63, 68, 78, 79, 84, 88, 94, 100, 102, 103, 104, 110, 114, 118, 119, 126, 127, 130, 146, 147, 153, 155, 158, 160, 161, 162, 163, 164, 165, 166, 170, 173, 176, 177, 179, 180, 181, 183, 184, 185, 186, 187, 193, 195, 197]
r: -1.6018635244108737 info: 0.02365981787443161
