s: [54]
r: -1.0 info: 1
s: [54, 185]
r: -1.0 info: 1
s: [27, 54, 185]
r: -1.0 info: 1
s: [27, 54, 151, 185]
r: -1.0 info: 1
s: [27, 54, 151, 185, 195]
r: -1.0 info: 1
s: [27, 54, 151, 152, 185, 195]
r: -1.0 info: 1
s: [27, 54, 59, 151, 152, 185, 195]
r: -1.0 info: 1
s: [27, 54, 57, 59, 151, 152, 185, 195]
r: -1.0 info: 1
s: [27, 54, 57, 59, 151, 152, 157, 185, 195]
r: -1.0 info: 1
s: [27, 54, 57, 59, 60, 151, 152, 157, 185, 195]
r: -1.0 info: 1
s: [27, 33, 54, 57, 59, 60, 151, 152, 157, 185, 195]
r: -1.0 info: 1
s: [15, 27, 33, 54, 57, 59, 60, 151, 152, 157, 185, 195]
r: -1.0 info: 1
s: [15, 27, 33, 54, 57, 59, 60, 104, 151, 152, 157, 185, 195]
r: -1.0 info: 1
s: [15, 27, 33, 54, 57, 59, 60, 104, 110, 151, 152, 157, 185, 195]
r: -1.0 info: 1
s: [15, 27, 33, 54, 56, 57, 59, 60, 104, 110, 151, 152, 157, 185, 195]
r: -1.0 info: 1
s: [15, 27, 33, 54, 56, 57, 59, 60, 77, 104, 110, 151, 152, 157, 185, 195]
r: -1.0 info: 1
s: [15, 27, 33, 54, 56, 57, 59, 60, 77, 104, 110, 151, 152, 157, 185, 195]
r: -0.1 info: -1
s: [5, 15, 27, 33, 54, 56, 57, 59, 60, 77, 104, 110, 151, 152, 157, 185, 195]
r: -1.0 info: 1
s: [5, 15, 27, 33, 54, 56, 57, 59, 60, 77, 104, 110, 150, 151, 152, 157, 185, 195]
r: -1.0 info: 1
s: [5, 11, 15, 27, 33, 54, 56, 57, 59, 60, 77, 104, 110, 150, 151, 152, 157, 185, 195]
r: -1.0 info: 1
s: [5, 11, 15, 27, 33, 54, 56, 57, 59, 60, 77, 82, 104, 110, 150, 151, 152, 157, 185, 195]
r: -1.0 info: 1
s: [5, 11, 15, 27, 33, 54, 56, 57, 59, 60, 77, 82, 104, 110, 141, 150, 151, 152, 157, 185, 195]
r: -1.0 info: 1
s: [5, 11, 15, 27, 33, 54, 56, 57, 59, 60, 77, 82, 104, 110, 122, 141, 150, 151, 152, 157, 185, 195]
r: -1.0 info: 1
s: [5, 11, 15, 27, 33, 45, 54, 56, 57, 59, 60, 77, 82, 104, 110, 122, 141, 150, 151, 152, 157, 185, 195]
r: -1.0 info: 1
s: [5, 11, 15, 27, 33, 45, 54, 56, 57, 59, 60, 77, 82, 104, 110, 119, 122, 141, 150, 151, 152, 157, 185, 195]
r: -1.0 info: 1
s: [5, 11, 15, 27, 33, 45, 54, 56, 57, 59, 60, 77, 82, 84, 104, 110, 119, 122, 141, 150, 151, 152, 157, 185, 195]
r: -1.0 info: 1
s: [5, 11, 15, 27, 33, 45, 54, 56, 57, 59, 60, 77, 82, 84, 104, 110, 119, 122, 141, 143, 150, 151, 152, 157, 185, 195]
r: -1.0 info: 1
s: [5, 11, 15, 27, 33, 45, 54, 56, 57, 59, 60, 77, 82, 84, 104, 110, 119, 122, 141, 143, 150, 151, 152, 157, 185, 195]
r: -0.1 info: -1
s: [5, 11, 15, 27, 33, 45, 54, 56, 57, 59, 60, 77, 82, 84, 104, 110, 119, 122, 141, 143, 150, 151, 152, 157, 164, 185, 195]
r: -1.0 info: 1
s: [5, 11, 15, 27, 33, 45, 54, 56, 57, 59, 60, 77, 82, 84, 85, 104, 110, 119, 122, 141, 143, 150, 151, 152, 157, 164, 185, 195]
r: -1.0 info: 1
s: [5, 11, 15, 27, 33, 45, 54, 56, 57, 59, 60, 77, 82, 84, 85, 104, 110, 119, 122, 141, 143, 150, 151, 152, 157, 164, 185, 188, 195]
r: -1.0 info: 1
s: [5, 11, 15, 27, 33, 45, 54, 56, 57, 59, 60, 77, 82, 84, 85, 96, 104, 110, 119, 122, 141, 143, 150, 151, 152, 157, 164, 185, 188, 195]
r: -1.0 info: 1
s: [5, 11, 15, 27, 33, 45, 54, 56, 57, 59, 60, 77, 82, 84, 85, 96, 104, 110, 119, 122, 141, 143, 150, 151, 152, 157, 164, 185, 188, 195]
r: -0.1 info: -1
s: [1, 5, 11, 15, 27, 33, 45, 54, 56, 57, 59, 60, 77, 82, 84, 85, 96, 104, 110, 119, 122, 141, 143, 150, 151, 152, 157, 164, 185, 188, 195]
r: -1.0 info: 1
s: [1, 5, 11, 15, 27, 33, 45, 54, 56, 57, 59, 60, 77, 82, 84, 85, 96, 104, 110, 119, 122, 132, 141, 143, 150, 151, 152, 157, 164, 185, 188, 195]
r: -1.0 info: 1
s: [1, 5, 11, 15, 27, 33, 45, 54, 56, 57, 59, 60, 77, 82, 84, 85, 96, 104, 110, 119, 122, 132, 141, 143, 150, 151, 152, 157, 159, 164, 185, 188, 195]
r: -1.0 info: 1
s: [1, 5, 11, 15, 27, 33, 45, 54, 56, 57, 59, 60, 77, 82, 84, 85, 96, 104, 110, 119, 122, 132, 141, 143, 150, 151, 152, 157, 159, 164, 185, 187, 188, 195]
r: -1.0 info: 1
s: [1, 5, 11, 15, 27, 33, 45, 54, 56, 57, 59, 60, 77, 82, 84, 85, 96, 104, 110, 119, 122, 132, 141, 143, 150, 151, 152, 157, 159, 164, 185, 187, 188, 195]
r: -36.54684440698475 info: 0.04412999842315912
